2188
5038
4005
3073
8070
4007
3016
3058
1023
3045
31
2107
20
10
4
6008
6007
8004
8055
1057
6012
7132
4008
8069
4003
8033
6001
7019
5124
3055
2157
8030
7149
1021
5086
5046
6006
7044
8010
4009
3037
2
5016
1044
2124
3
17
4000
1066
2039
2175
4013
7107
6003
4012
6013
6000
7034
6011
1047
8073
1046
4001
1071
1028
4004
3065
15
2173
6004
5050
7074
2045
5044
1037
1064
4010
2042
7022
4006
8016
8023
3034
6014
4002
7109
8022
5009
32
7073
5089
8003
3069
5091
2054
26
6005
4011
7079
7072
7024
5104
25
5097
30
2147
5074
1055
1076
3002
3047
6
5082
2190
8015
6010
2043
6002
8042
3059
2120
7075
1054
3027
19
3063
6009
2032
5038
5011
3058
7013
4013
7024
9
7034
16
4001
7038
3043
1007
6002
2005
4005
4007
2063
3017
5102
3072
5122
2130
1034
8023
2045
18
1000
1055
8046
1024
7153
6003
15
4003
2018
8002
3037
4010
5014
6007
5120
4004
2157
6005
6014
6012
5037
6013
7065
32
6000
2024
7121
5083
2064
4002
8021
3071
14
7048
4000
2023
6001
8064
29
24
26
5115
1021
1056
8074
1072
5114
13
8060
4009
6011
8080
6006
5066
3038
4012
1012
7029
1017
3060
7122
8012
3035
1016
4006
8008
3
7071
25
7027
8070
4008
3026
3009
6008
3000
4011
6004
22
2183
5080
7057
7068
5111
3031
8040
0
1014
5033
1037
2136
2108
8076
2117
8063
3019
1040
1054
6000
6008
4005
6004
1031
2066
5089
7113
4006
3040
7036
7055
8009
8046
3034
1063
4010
5072
6014
7110
2051
5086
8056
8055
8076
10
9
3000
5100
2156
4009
3052
8006
4002
1044
6005
2033
5102
12
4
5051
1052
6001
2170
26
1049
7122
15
2198
4003
2101
6007
5069
3026
6013
3037
3066
3068
1043
33
5018
8058
4007
8026
4008
1010
5032
2060
7104
5113
7024
7035
3035
8005
8059
7058
3041
1021
2062
4000
29
6011
7064
2058
6006
6010
4013
1042
2163
2160
4001
25
1011
7081
5093
3067
8068
11
8017
6002
5104
7018
3013
1029
6003
8025
4011
6009
31
2165
3056
20
4012
2158
27
3063
5041
5007
8077
1017
22
7002
4004
7020
1006
6008
5031
7037
3008
4000
1065
4013
5
7102
2176
2044
33
5029
6007
14
7142
18
6014
8052
2003
4001
1026
1029
8070
6013
5026
4011
1046
6010
11
5076
6002
8058
7026
6003
6011
7127
2098
3033
3010
4002
2029
2164
4009
5096
4010
7048
2191
6012
4005
3072
8022
8030
3000
6
5014
7125
21
19
3046
3055
4008
4007
2146
3041
4
2103
7010
17
1070
8045
5020
3050
5081
8035
7017
1058
2192
5068
1054
8004
6006
1069
1050
6000
3048
6005
4006
5122
4004
1042
5071
2200
3053
7025
23
8051
29
4003
4012
1059
7112
2173
3034
6004
24
8047
8042
5018
7131
8029
1066
3007
2025
2055
8009
7064
5097
8001
6001
7040
1068
5114
1048
3037
12
