Sampling_Rate: 250
EEG_Resolution: 0.0627417341
Channel_Order: 40
HEOL,HEOR,Fp1,Fp2,VEOU,VEOL,F7,F3,Fz,F4,F8,FT7,FC3,FCz,FC4,FT8,T7,C3,Cz,C4,T8,TP7,CP3,CPz,CP4,TP8,A1,P7,P3,Pz,P4,P8,A2,O1,Oz,O2,FT9,FT10,PO1,PO2
Channel_Used: 25
F7,F3,Fz,F4,F8,FT7,FC3,FCz,FC4,FT8,T7,C3,Cz,C4,T8,TP7,CP3,CPz,CP4,TP8,P7,P3,Pz,P4,P8
Processing_Start_Sample: 0
Processing_End_Sample: 625
FileterBank: 9
B: 9
0.0286431 -0.218957 0.741473 -1.45357 1.80482 -1.45357 0.741473 -0.218957 0.0286431 
A: 9
1 -7.59592 25.2957 -48.2373 57.6119 -44.1301 21.1718 -5.81652 0.700611 
zi: 8
0.00297968 -0.0182675 0.0401782 -0.0316496 -0.0146236 0.0434294 -0.0285345 0.00648784 
B: 9
0.0286431 -0.214512 0.715927 -1.39135 1.72258 -1.39135 0.715927 -0.214512 0.0286431 
A: 9
1 -7.44173 24.4256 -46.1776 54.9939 -42.2459 20.4436 -5.69845 0.700611 
zi: 8
0.00297968 -0.0178363 0.0386412 -0.0302727 -0.0137966 0.0416219 -0.0278235 0.00648784 
B: 9
0.0286431 -0.207901 0.6789 -1.30252 1.60575 -1.30252 0.6789 -0.207901 0.0286431 
A: 9
1 -7.21239 23.1645 -43.2366 51.2741 -39.5554 19.3881 -5.52284 0.700611 
zi: 8
0.00297968 -0.0171948 0.0364296 -0.0283152 -0.0126364 0.0390289 -0.0267661 0.00648784 
B: 9
0.0286431 -0.199191 0.631884 -1.19204 1.46144 -1.19204 0.631884 -0.199191 0.0286431 
A: 9
1 -6.91023 21.5631 -39.5785 46.6785 -36.2088 18.0479 -5.29146 0.700611 
zi: 8
0.00297968 -0.0163495 0.0336521 -0.025892 -0.0112255 0.035787 -0.0253729 0.00648784 
B: 9
0.0286431 -0.18847 0.576773 -1.06587 1.29803 -1.06587 0.576773 -0.18847 0.0286431 
A: 9
1 -6.53828 19.6861 -35.4 41.4734 -32.3863 16.4769 -5.00664 0.700611 
zi: 8
0.00297968 -0.0153091 0.0304461 -0.0231334 -0.00965353 0.0320688 -0.023658 0.00648784 
B: 9
0.0286431 -0.175845 0.515787 -0.930447 1.12443 -0.930447 0.515787 -0.175845 0.0286431 
A: 9
1 -6.10031 17.6089 -30.914 35.9423 -28.2824 14.7385 -4.67127 0.700611 
zi: 8
0.00297968 -0.0140841 0.026972 -0.0201691 -0.0080024 0.0280759 -0.0216387 0.00648784 
B: 9
0.0286431 -0.161445 0.451384 -0.792177 0.949353 -0.792177 0.451384 -0.161445 0.0286431 
A: 9
1 -5.60074 15.4154 -26.3321 30.3621 -24.0907 12.9027 -4.28873 0.700611 
zi: 8
0.00297968 -0.0126867 0.0234069 -0.0171111 -0.00633114 0.02403 -0.0193354 0.00648784 
B: 9
0.0286431 -0.145414 0.386158 -0.656895 0.78068 -0.656895 0.386158 -0.145414 0.0286431 
A: 9
1 -5.04462 13.1938 -21.8472 24.9838 -19.9878 11.0434 -3.86288 0.700611 
zi: 8
0.00297968 -0.0111311 0.0199367 -0.0140381 -0.00466258 0.0201639 -0.0167712 0.00648784 
B: 9
0.0286431 -0.127915 0.322737 -0.529414 0.625011 -0.529414 0.322737 -0.127915 0.0286431 
A: 9
1 -4.43755 11.0338 -17.6185 20.0179 -16.1191 9.23556 -3.39802 0.700611 
zi: 8
0.00297968 -0.009433 0.016748 -0.0109828 -0.0029729 0.0167105 -0.0139723 0.00648784 
Model_M: 2
Model_TimeSeg: 1, 2
  0.50000000   2.50000000 
CSP_Transform_Bands: 9, 1
CSP_Transform_Matrix_Hex: 25, 25
-0.0526162 0.0328158 -0.289362 -0.0631274 0.132625 0.239849 0.14017 0.379992 -0.297733 -0.0168164 -0.102157 -0.233869 -0.0768001 0.204803 -0.0773749 0.354509 -0.113616 0.243712 0.0295516 0.00552201 -0.335635 0.0980927 -0.363701 0.0845719 0.0283634 
-0.0293531 0.0515927 -0.251877 0.118239 -0.0268953 0.109456 0.0212991 0.234683 0.00550119 0.228037 -0.232549 0.231714 -0.13341 -0.242389 0.00653581 -0.400493 -0.0505673 0.32454 0.0845957 -0.0601097 0.497764 -0.118894 -0.192183 -0.137349 0.132944 
0.125882 0.101885 0.0354907 -0.204609 0.0330677 0.026731 -0.319547 -0.0491473 0.00225942 -0.103031 -0.196527 0.151122 0.400367 -0.328448 0.0147857 -0.13022 0.0742309 0.17518 0.327815 -0.117524 0.0862716 -0.0111037 -0.516597 0.00609902 0.186914 
0.0589164 0.0360047 0.0211612 -0.19179 -0.0551182 0.0745372 0.00755057 0.12502 -0.00152273 -0.0219387 -0.219016 -0.260804 -0.193747 0.116199 0.204188 -0.0326727 0.411785 0.524823 -0.0225199 -0.0220974 0.0786683 -0.0574833 -0.495294 -0.0929798 -0.118291 
-0.0862999 0.060645 0.0324405 0.0512571 -0.0023822 0.0334403 -0.00375659 -0.0603614 -0.00452995 0.00485122 0.0767674 0.043851 0.0199293 0.0486766 -0.0468788 -0.637317 -0.142793 0.303837 0.104828 0.0539749 0.561711 0.112048 -0.311838 -0.0895875 0.0382593 
-0.0208015 0.00431527 0.0541906 -0.0278717 0.0102233 -0.0308971 -0.000494435 -0.0438557 -0.0030309 -0.00193953 0.105113 0.0345182 0.0334552 -0.0174915 0.0797046 0.600136 -0.150193 0.400533 -0.0434202 -0.0474379 -0.596002 -0.0283724 -0.255977 -0.0627896 0.00696761 
0.0189903 0.195778 -0.0673931 -0.048432 0.0508263 -0.00592736 -0.0970147 -0.0140035 0.00726764 -0.0360608 -0.0857038 0.0982169 -0.0457332 0.261613 -0.0928929 -0.493116 -0.116642 0.279736 -0.211837 0.093607 0.617956 -0.105748 -0.248711 0.0153223 -0.029794 
0.0838582 -0.218619 0.272892 0.0193395 0.0275819 0.0863179 -0.235146 -0.0113006 -0.0134727 -0.069659 0.0451106 0.352323 -0.295396 -0.344075 0.0229633 0.221888 0.0550662 0.195363 0.323344 0.204365 -0.382049 -0.254486 0.0920382 -0.105339 0.0477651 
0.113966 -0.0169681 0.103923 0.0539743 0.0199313 -0.163759 0.137148 -0.167527 -0.00485912 0.0608275 0.0515563 -0.225324 0.07059 -0.0730435 -0.107427 0.040615 0.127167 0.701968 -0.0410076 -0.00443628 -0.0348521 -0.0972169 -0.541788 0.0585507 -0.000798451 
-0.0310457 0.0558402 0.120039 -0.00697396 -0.0398312 0.0654076 -0.0547201 -0.323781 -0.00808668 0.0138946 -0.0299815 0.0659297 0.227194 0.0322741 0.0590363 0.0189008 -0.00972808 0.563141 -0.00726507 -0.0382198 -0.0146202 0.0248502 -0.697148 -0.00716561 0.0113104 
-0.103803 -0.214632 0.0760857 -0.213179 0.000622499 0.32951 0.344354 -0.125853 0.00488095 -0.0803758 -0.230539 0.0585759 -0.0959271 0.304982 -0.031785 0.113851 -0.0542135 -0.286369 -0.210981 -0.106374 -0.0651079 -0.231711 0.478621 0.0431405 0.200085 
-0.0109043 -0.104378 0.0241529 -0.00241474 0.0493569 0.111392 0.0389945 0.0187056 0.000434794 -0.0669146 -0.0542311 0.0363157 0.0286428 -0.0986541 0.0333235 -0.651248 -0.102515 0.0479216 -0.00561075 0.0255556 0.71231 0.0339578 -0.0204893 0.0239218 -0.0643209 
0.00266948 0.213798 -0.174095 0.0239925 0.0161995 -0.13293 -0.121425 0.0614179 -0.00230772 -0.0607795 0.177519 -0.0302356 -0.0714135 -0.0269704 0.114678 -0.487086 0.102959 -0.332139 0.0898287 -0.0700868 0.497018 -0.150478 0.435997 -0.026038 0.0158473 
0.167792 -0.263788 -0.151206 0.0329985 0.0810958 0.0897732 -0.225117 -0.13623 -0.00158674 0.102728 -0.178981 0.405819 0.224128 0.118665 -0.000631939 0.0423398 -0.264556 0.241634 0.344163 -0.0552972 0.139058 -0.13896 -0.159047 0.039974 -0.453462 
-0.0275222 0.0415619 0.008666 0.0585497 -0.0345481 0.251082 -0.134144 -0.085171 0.000628622 0.0757973 -0.0135475 -0.205382 0.393107 -0.0990335 -0.0436327 0.431946 0.273414 -0.493314 0.0810672 0.140906 -0.348983 -0.136914 0.104476 0.0568421 -0.066141 
0.0714883 0.035448 0.0315863 -0.0239319 -0.069465 0.101692 -0.429491 0.0517771 -0.0106816 0.0316582 -0.0764691 0.108661 -0.0841136 0.320379 0.0818926 -0.253643 -0.0750727 0.209291 -0.638405 0.0463489 0.273604 0.0301436 0.189937 0.0713725 0.118896 
0.109488 -0.0417588 -0.132134 -0.146821 -0.022194 0.0042633 0.104551 0.178968 0.0202618 0.122354 0.0804428 -0.0941601 -0.0793176 -0.142159 0.0765101 -0.149456 -0.199175 0.536602 0.0816991 -0.0538657 0.0819373 0.143246 -0.648728 0.177885 0.038204 
0.0244038 0.0787458 -0.0950236 0.0240061 -0.166807 -0.145098 0.338308 -0.115627 -0.00587633 -0.0256948 0.0109527 -0.08307 0.181151 -0.0476139 0.217843 -0.391861 -0.209996 -0.330062 -0.145812 0.189394 0.346936 -0.0271256 0.464099 0.0356296 -0.123125 
0.00455566 -0.195148 0.0613926 0.12093 -0.0659044 -0.00732463 0.0635584 0.0649095 0.00463394 -0.0461246 0.105094 -0.161853 0.0234496 0.106169 0.0262503 -0.168177 0.0814018 0.598934 0.005428 -0.0347086 0.195471 -0.100694 -0.650666 -0.0670225 0.0887676 
0.00361413 -0.00711964 -0.017457 0.0314327 -0.0112368 -0.303005 -0.0552383 0.0678437 -0.00847475 0.00483316 0.214399 0.320702 0.0151335 0.10272 0.0175804 0.0240677 0.104751 0.419607 -0.220746 -9.06474e-005 -0.0505551 -0.112262 -0.669598 0.19625 -0.0257932 
-0.0466681 0.038704 -0.112822 0.0671687 0.0679479 0.130253 0.019567 0.0224173 0.0105358 -0.051729 -0.0551637 -0.106504 0.0366628 0.0304562 0.0258826 0.428579 0.11243 0.481928 -0.0837109 0.0244306 -0.502315 0.00340923 -0.49704 0.0187271 0.0242906 
-0.1212 0.0855965 0.0477293 0.0546685 -0.0195247 0.0653382 -0.0187898 0.000483889 -0.00140243 -0.0344416 -0.12234 0.024796 -0.052806 -0.144408 0.0138053 0.612613 -0.0631672 0.400955 0.140273 -0.000958099 -0.457833 -0.0471185 -0.376861 0.0923133 -0.0707485 
0.120749 -0.089417 0.0663844 -0.0763273 0.155848 -0.425989 0.241433 -0.219853 -0.00161066 0.00621083 -0.0494555 -0.0271754 0.253117 0.0050582 0.0970023 0.595674 0.01793 -0.195867 -0.00339133 0.0780785 -0.386794 0.0573672 -0.0630677 -0.0998587 0.107755 
0.248598 -0.0387304 0.0114 0.299202 -0.0352005 -0.0784774 0.0288508 -0.0112233 -0.00433859 -0.108611 -0.160303 0.145629 -0.0327396 0.0774557 0.125464 0.52648 -0.1116 -0.366046 0.0290572 -0.0993496 -0.499494 0.092579 0.246496 -0.0227081 0.0589778 
-0.0766145 -0.0496987 0.118095 0.0627387 0.0357191 0.0872324 0.0143255 -0.057363 -0.00364346 0.042251 -0.0182185 -0.0535456 0.0212061 -0.0300342 0.0699791 -0.56979 0.0236363 -0.388791 -0.076332 -0.0778035 0.539045 -0.0224492 0.404617 0.0841182 0.00534569 
CSP_Transform_Matrix_Hex: 25, 25
-0.271205 0.0569121 -0.0801401 0.230375 -0.190906 0.189682 -0.0822496 0.125478 0.31359 0.130011 -0.0272174 -0.00375501 0.120367 -0.458041 -0.020505 0.136338 -0.0614539 0.230205 0.311781 0.0377907 -0.229664 0.18404 -0.404536 -0.0609476 0.00987271 
0.0931143 0.212164 -0.00929774 0.0542989 0.00450268 -0.275384 -0.0735872 -0.226938 -0.0244122 0.108995 0.0417525 -0.115548 0.356277 -0.104706 0.0213748 -0.275393 0.173321 0.24458 0.24387 -0.13344 0.27488 0.0689865 -0.545568 -0.149015 0.0379069 
0.280405 -0.643975 0.130547 0.047889 -0.232296 -0.0754864 0.177913 0.265919 -0.0451285 0.153547 -0.145507 0.056001 0.00162438 0.0249381 -0.201816 -0.16596 -0.012436 -0.290169 0.0605114 0.103378 0.083915 0.105785 0.227492 -0.131229 0.143462 
0.287064 -0.240933 0.363548 -0.0175917 0.0852623 -0.282483 0.120113 -0.299897 0.0364764 -0.0919902 -0.104753 -0.00522841 -0.0323449 -0.156303 -0.11719 0.231457 0.185409 -0.369544 0.173167 0.041333 -0.0999942 -0.227196 0.363515 0.125829 -0.099161 
0.17247 -0.200258 0.163007 0.0204554 0.0480838 -0.100599 0.0220252 -0.249373 0.020271 -0.259212 0.101364 -0.0685813 0.392721 0.00356841 0.318437 0.280865 0.0463481 -0.444618 -0.0686618 0.0407081 -0.389574 0.145963 0.161688 -0.0382239 -0.0637565 
0.125595 0.0770744 -0.132622 -0.0668537 0.013643 -0.0203216 -0.148749 0.0768385 0.0228437 -0.118715 -0.0399581 0.112333 -0.103328 0.148234 0.0741747 -0.644254 -0.0654924 0.239237 -0.207764 -0.14708 0.543528 0.0393296 -0.108688 0.08889 0.0504603 
-0.0694183 -0.188227 0.389636 -0.0905674 -0.0431255 0.152851 -0.0192084 -0.154242 0.0022563 0.0281079 -0.0262571 0.031966 -0.129821 0.129663 0.0184244 0.553179 -0.179383 -0.0638509 0.0783774 -0.12199 -0.491505 0.0484976 0.227979 -0.228126 -0.0510493 
-0.109616 0.129768 0.0507534 0.0709282 0.00670855 0.0642194 -0.101958 -0.114555 -0.0120194 -0.0127824 0.0774736 0.149829 -0.0476868 -0.0536966 -0.10146 0.471735 -0.133182 -0.0721889 0.147099 0.123375 -0.726715 0.147171 0.12843 -0.192818 0.0764913 
-0.0463445 0.0830462 0.0011965 0.0472329 -0.0497499 0.172489 -0.235903 0.101063 -0.0205683 0.0882489 -0.0984159 -0.00096938 -0.000536487 0.0094921 -0.0626606 -0.497715 0.0872074 0.0982332 -0.181767 0.219153 0.508503 0.0295544 -0.241411 0.296116 -0.342436 
0.0401675 0.145985 -0.113808 0.0501624 0.111137 0.134694 -0.334994 0.0455799 -0.00379521 -0.115379 -0.0536802 -0.0149403 0.240356 -0.0622052 -0.164216 0.476316 0.164026 -0.371886 0.104301 0.0448307 -0.460281 -0.142515 0.270187 -0.0129474 0.038307 
0.216282 0.0548703 -0.154577 -0.0339351 0.0124323 -0.313756 -0.0296795 0.163324 0.0121594 0.0602744 0.153929 0.00457774 -0.0795387 0.014567 -0.0782911 0.571522 -0.071231 -0.0920344 -0.00177361 0.0321639 -0.624022 0.142987 0.047224 0.0586441 -0.0459492 
0.0134423 0.0319241 0.0262784 -0.0857123 -0.0109409 0.0177031 -0.142705 -0.136716 0.00656088 0.0816922 0.0405849 0.185326 0.13626 -0.00054335 -0.0639349 -0.582788 -0.180111 -0.31073 -0.00623028 0.0815606 0.568738 0.0563382 0.289076 -0.0114803 -0.0158104 
-0.0730124 0.0512911 -0.0704899 0.0482114 -0.0311828 -0.0195659 0.0904139 0.0481753 -0.00506919 -0.183998 0.0181766 -0.0414134 -0.00605652 0.0477639 -0.0286137 -0.458364 -0.0675297 -0.488603 0.130515 0.0915485 0.493818 0.0916207 0.428971 -0.0469187 -0.128671 
-0.010976 0.0424589 -0.0918317 -0.0188527 -0.100656 -0.182645 0.256609 -0.0435227 0.00696936 0.0620747 0.0488904 -0.0729999 0.0582971 0.118174 -0.0732714 0.0680825 -0.222114 -0.562636 -0.297744 -0.040342 0.0401093 0.0999101 0.604343 0.0585643 0.0514066 
0.00608949 0.10838 0.105797 0.0448691 -0.0678414 0.0730148 0.150028 -0.356944 -0.00385466 0.037931 -0.120876 -0.223853 0.295031 0.278663 -0.00984255 0.10212 0.16964 -0.463514 -0.399469 -0.0492099 -0.206411 0.0853139 0.216013 0.23409 0.129611 
0.0651169 0.0155949 -0.00556316 0.0374494 0.0235909 -0.00881926 0.0234746 0.0625751 0.0112826 -0.0221987 0.0321014 -0.112352 -0.157025 0.117912 -0.175153 -0.517114 0.168658 0.402486 -0.0994023 0.201889 0.509072 -0.118845 -0.313794 -0.130299 0.0908857 
-0.00964111 -0.0447806 -0.000235841 0.0431923 -0.0410135 0.17206 -0.105276 -0.114939 0.00671344 0.010288 -0.0156668 0.0893648 0.19537 -0.0127007 -0.0131286 0.338026 -0.079072 0.465858 0.0638072 -0.0799194 -0.326002 0.046757 -0.659639 0.0355682 0.02687 
0.149815 0.159302 -0.000422057 -0.155027 -0.2017 -0.011672 -0.0377644 -0.0392368 0.00568054 0.00883035 -0.161483 -0.0657607 0.0203144 -0.0757596 0.099958 0.56019 0.130803 0.333984 0.163618 0.068607 -0.476335 -0.0930731 -0.326968 -0.119493 -0.08376 
0.00706625 -0.236137 0.0264892 -0.0658235 0.131916 0.152784 0.497152 -0.110139 0.00718642 0.00859093 -0.034053 -0.328611 0.197064 -0.141875 -0.115317 -0.0687588 -0.125878 0.307921 0.161549 0.0261765 -0.0787966 0.27652 -0.474314 0.0350303 -0.080887 
0.0670988 0.0384365 0.0833165 0.163225 0.0293549 -0.0479876 -0.0479748 -0.243534 -0.00169099 -0.0434105 -0.108605 0.154593 0.113858 0.0597691 0.0140311 0.288379 -0.266686 0.589301 -0.0848045 0.0698156 -0.203096 0.138235 -0.515358 -0.0398302 -0.0135681 
0.0554401 0.011552 -0.510862 0.0871973 0.138031 -0.113215 0.238264 0.201773 0.0210129 0.0821878 -0.145051 0.00148395 -0.0306885 0.180679 -0.0260659 0.4549 0.207147 -0.014967 -0.219748 0.093879 -0.254197 -0.352207 0.105062 0.00215376 -0.17168 
0.08126 0.0133571 -0.139237 0.0689939 0.027845 0.0390982 -0.0553635 0.245376 -0.00124565 -0.0154557 -0.0928398 0.0777084 -0.171075 -0.0816447 0.0730023 -0.28272 -0.129585 -0.552871 0.133037 -0.0604277 0.299747 0.0868911 0.561243 -0.079318 0.0700718 
0.00693546 -0.122568 -0.0199298 0.191556 -0.176654 -0.0902248 0.287586 -0.0280229 -0.00860051 0.0710611 0.297043 -0.329557 0.0814948 0.0676088 0.125816 -0.0574755 0.105573 0.508404 -0.181432 0.0263398 -0.105141 -0.253081 -0.434391 0.147482 0.0624952 
-0.0577009 0.00949337 0.11072 -0.145629 0.0652629 -0.0714666 -0.120235 -0.059656 -0.00385291 -0.0954447 0.00521062 0.205107 0.158345 0.0218053 -0.0191931 0.290697 -0.146353 0.464093 -0.0676294 0.0390394 -0.242416 0.0478411 -0.675711 0.0906736 0.072993 
0.136711 -0.0703647 0.232135 0.265335 -0.0841897 -0.187568 -0.204851 -0.126447 -0.00837287 -0.0314265 0.181946 0.437282 -0.0234923 0.00324856 0.0377819 -0.403769 -0.21812 -0.138076 -0.0448865 -0.156673 0.417756 -0.113061 0.219307 0.148017 -0.104595 
CSP_Transform_Matrix_Hex: 25, 25
0.0315448 -0.051073 0.165958 -0.0770893 0.0526167 -0.00865979 -0.170309 -0.0335431 -0.276341 0.0880257 -0.0293326 0.226832 -0.0751618 0.18153 0.00333849 -0.493813 -0.0765018 -0.123854 -0.00245762 -0.0288563 0.623226 -0.105106 0.25414 -0.122859 0.0993848 
0.133694 -0.250786 -0.176395 0.106768 0.160137 -0.0256695 -0.0618391 0.327634 -0.0196466 -0.0549278 0.028125 -0.0164261 0.0180114 0.132183 0.135986 0.13136 0.0967604 -0.566626 -0.234523 -0.138974 -0.21213 0.0282247 0.466151 0.0775614 0.085953 
-0.0416246 -0.437928 0.0781604 -0.0774138 -0.0388935 0.150266 0.412077 0.238522 0.00917628 0.025119 -0.06531 -0.197022 -0.193818 -0.0697861 -0.0703904 0.394983 0.0013204 -0.209445 0.0722347 0.092156 -0.419575 0.0470017 0.243362 0.035536 0.00844983 
-0.144174 0.0211951 -0.0454573 0.0064002 0.198057 -0.00992516 0.0284751 0.0196511 0.00742017 -0.218639 0.0407726 0.210041 -0.127 -0.324002 0.356579 0.408004 -0.254171 0.0525208 0.367717 -0.16092 -0.429519 0.103829 -0.0187667 -0.0103271 -0.0598147 
-0.0849547 -0.0144752 0.141303 0.00396428 -0.119796 0.186961 -0.251154 -0.207562 0.0154122 0.0118694 -0.0257518 0.433219 0.0239272 0.127996 0.0953434 -0.0546492 -0.500607 -0.211003 0.121837 -0.0678688 0.055008 0.149871 0.370595 -0.32235 0.13437 
-0.0144384 -0.176287 -0.0252058 0.102073 0.18807 0.0580696 -0.0115776 -0.0992855 0.026797 -0.0720415 -0.00329222 0.108529 0.290927 -0.360654 -0.11483 0.412527 -0.0208415 0.129881 0.458758 -0.0589377 -0.279384 -0.189553 -0.105875 -0.337222 0.151672 
0.138136 -0.149118 0.305143 -0.172218 -0.0562639 -0.152615 0.110363 -0.288 0.0367169 -0.0974631 -0.0746198 -0.0518796 0.172311 -0.0188986 0.156675 -0.43852 0.0655183 -0.281656 -0.0501004 -0.0335503 0.555414 -0.02534 0.227699 0.00328926 0.00921141 
0.170975 -0.0695854 -0.0378338 0.0153401 -0.00377673 -0.197994 0.0200453 0.0963585 0.00112845 0.118724 0.00494174 0.0283552 -0.0966112 -0.132038 -0.114829 -0.505127 0.0269121 -0.376872 0.257902 0.0702289 0.447179 0.00679255 0.416636 -0.131759 -0.0126584 
-0.0582454 -0.00871154 -0.0398659 -0.0442845 0.0821464 0.0492635 -0.0383344 0.196101 0.00732249 -0.0591142 0.00165137 0.100683 -0.279335 0.00443817 -0.0588891 -0.330243 -0.112044 -0.453185 -0.0327942 0.0710488 0.344909 0.00226525 0.628127 -0.0391986 -0.0227145 
-0.0292699 -0.0544484 -0.114777 0.0121462 -0.0958758 -0.00308112 0.295499 0.352412 -0.00748141 0.150695 0.0790864 -0.354354 -0.236018 -0.186371 0.0901182 -0.297866 0.201762 -0.185378 0.385207 -0.0542073 0.212324 0.0952562 0.0972408 -0.340896 0.118554 
0.124112 0.000255955 0.139578 -0.0398352 0.0415509 -0.04536 0.00224724 -0.347714 -0.00135116 0.0399557 0.0231282 0.0378592 0.265421 -0.0221426 -0.0513211 0.364181 -0.130763 -0.532358 0.00207827 0.023046 -0.415067 0.160621 0.347038 0.0841439 -0.049316 
0.0431245 -6.09887e-005 0.121186 -0.0779008 -0.152963 0.0755116 -0.342719 0.0149479 4.95166e-005 0.179832 0.00347004 0.224991 0.0791566 -0.179796 -0.0107052 0.413456 -0.139308 0.331025 0.0751128 0.110982 -0.496095 0.147402 -0.336317 -0.0407447 -0.0918164 
-0.0284376 0.182697 -0.202784 0.0342048 -0.0134999 -0.0196809 -0.266956 0.251442 0.0121542 0.0415611 0.0093074 0.128101 -0.047267 -0.104094 -0.009106 -0.128746 0.0047925 -0.609469 0.105894 0.0124444 0.191853 -0.019462 0.565017 -0.00286562 0.032894 
0.292575 0.0748677 -0.17308 -0.0245684 -0.0285891 -0.080803 -0.15795 0.342467 0.0199964 0.121397 -0.0624918 0.0253533 -0.541148 -0.0204755 0.068653 0.16661 0.227002 0.115676 -0.0227434 -0.0877189 0.0328897 -0.450303 0.308946 0.053673 -0.0890735 
0.00328282 0.0218228 0.0269115 -0.07032 0.118897 -0.140026 0.0619562 -0.00577533 0.0019577 0.00450779 0.0098948 0.00779899 -0.10414 0.0178102 -0.0579657 0.616053 -0.0487632 0.3667 0.0429067 0.00934291 -0.570215 0.0550437 -0.287185 -0.102644 0.0451869 
0.0393762 0.00762884 -0.0646415 0.0742986 -0.0613292 -0.0599551 0.139876 0.136146 -0.0165214 -0.0830495 -0.0678129 -0.134742 -0.0929891 -0.00783022 0.0542742 0.580585 0.0769903 -0.345224 0.0868269 -0.0160106 -0.534946 -0.0116438 0.371757 -0.0676565 -0.0509218 
-0.0688652 -0.0795606 -0.0425192 0.170318 -0.102657 -0.065219 0.418337 -0.142808 0.00731736 0.283875 0.00196057 -0.0468113 -0.0353784 0.119345 0.0159791 -0.346803 -0.311991 -0.0963177 -0.370394 -0.12074 0.368946 0.159972 0.30378 0.106994 0.0723556 
-0.0216767 -0.0113778 -0.0108504 0.00457086 -0.0436359 -0.0622478 0.0561277 -0.15666 0.0114684 0.145466 -0.0888202 -0.0755294 0.212193 0.0571225 -0.0781201 0.54648 0.214782 0.27842 -0.112941 0.174684 -0.313577 -0.20904 -0.471902 0.102314 -0.189117 
-0.400392 0.136196 0.206272 -0.0602527 0.154698 0.380586 -0.0054341 -0.155646 -0.0153645 0.0912495 -0.174264 -0.174249 0.18716 -0.170984 0.00691165 0.0289268 0.24502 -0.430968 0.064789 0.0218476 0.0200762 -0.230428 0.375333 0.0468072 -0.0217901 
0.201091 0.0783558 -0.105074 0.201274 0.114867 -0.0769835 -0.00781112 -0.0842876 -0.000742374 -0.168168 -0.0294568 0.101632 0.0737179 0.10834 -0.0692642 -0.0457298 -0.173205 0.564183 -0.171999 0.387014 0.0259938 0.070438 -0.523713 -0.0666451 0.00501396 
-0.0470501 0.0907999 -0.0202785 -0.0385978 -0.0332123 -0.0397605 0.0562206 -0.0344878 0.00272809 0.0119686 0.0266359 -0.0774754 -0.16262 0.108491 0.0146219 0.503558 0.324546 -0.166129 -0.113542 -0.0125206 -0.556107 -0.267869 0.347572 -0.0925519 0.159329 
-0.0984565 0.024593 -0.266263 -0.0773648 0.0520583 0.0104699 0.247151 0.0694 -0.00978107 -0.0456236 0.0597422 -0.192483 0.100254 0.110647 -0.00875719 -0.369544 0.0822624 -0.45519 -0.0901693 0.155655 0.356505 0.00989405 0.462006 0.0339272 -0.232922 
0.0095565 0.208362 -0.339298 0.0144471 0.132661 0.30775 -0.21459 0.0914923 0.00705739 -0.00871346 -0.340969 0.167372 0.0270781 0.00352288 -0.0238281 -0.450796 -0.0370679 0.0600606 0.0581655 -0.0803043 0.471573 0.198082 -0.220691 -0.00924102 0.0168068 
0.179398 0.116236 -0.479396 -0.29916 -0.00397298 -0.151388 -0.00149527 0.309319 -0.00733881 0.10357 0.000923924 0.0184782 0.161212 0.0207616 0.0157362 0.347609 -0.100821 0.216754 -0.085574 -0.144327 -0.337565 0.0537774 -0.367148 0.0316773 0.140739 
0.00558828 -0.2419 0.264916 0.0447217 -0.109144 -0.130346 -0.155271 0.0242391 0.0214033 0.0108329 0.0774711 0.570268 -0.151396 0.0421495 0.00900872 -0.369642 -0.220594 -0.0981151 -0.107171 -0.0762726 0.406241 -0.0225875 0.0530366 0.233883 -0.154368 
CSP_Transform_Matrix_Hex: 25, 25
0.0704969 0.00300445 -0.00390704 0.186765 0.137342 -0.19797 0.323958 -0.0750941 -0.374317 0.0510427 0.0343616 -0.128762 -0.0456833 -0.110448 0.000783878 0.034652 0.0256201 0.379776 0.521832 0.0263874 0.0912244 -0.0931431 -0.318778 -0.272393 0.0693592 
-0.162558 0.0548665 0.0203222 -0.00953634 0.0689522 0.106022 0.1081 -0.00542809 0.0248184 -0.0600387 0.0310625 -0.560664 -0.278094 -0.0606712 0.076115 0.170504 0.434973 0.423222 0.0819335 -0.0862866 -0.102561 -0.262874 0.0854244 -0.188301 0.0456704 
0.135895 -0.00872497 -0.0569415 0.0125631 -0.0420761 -0.0583292 -0.106081 0.106516 -0.0469248 -0.0651852 0.021083 -0.0794085 -0.059601 0.470395 0.152357 -0.111744 -0.0625037 -0.563841 -0.315397 -0.147634 0.0156453 0.199607 0.401347 0.169911 0.058552 
-0.0177173 0.00955384 -0.0469203 -0.0154039 -0.0123906 0.0312188 -0.0730897 0.264165 0.00716065 -0.0233566 -0.0111277 0.136059 -0.498469 0.0201836 -0.0733423 -0.274962 0.052996 -0.367867 0.148603 0.116692 0.271578 -0.0610055 0.558056 -0.07021 -0.064348 
-0.0595061 -0.0839413 0.302534 0.118297 -0.149673 0.0417186 0.0349205 -0.50262 -0.0078632 0.00588051 0.0637362 0.159958 0.13658 0.286655 0.0871028 -0.334772 -0.132434 0.299479 -0.242422 -0.197649 0.195013 0.190727 -0.255493 -0.0647207 0.0821069 
0.0684454 -0.103144 -0.06801 -0.0918335 0.0440616 -0.0129302 0.0202936 0.240572 -0.0462229 0.0470429 -0.010214 -0.104858 -0.191104 0.349875 -0.0835227 -0.390424 0.166698 -0.129137 -0.452096 0.0213975 0.375587 -0.149375 0.389537 -0.0335447 0.108979 
0.0980301 0.0928712 -0.0392039 0.0189649 0.197353 -0.21152 -0.208809 -0.113952 0.00393297 -0.201663 -0.0296742 -0.0189879 0.198304 0.0178425 0.0261549 -0.324184 0.544119 -0.394176 0.128565 -0.00262342 0.347087 -0.215854 0.11582 -0.0537324 -0.0301219 
-0.188077 -0.115692 0.231944 -0.145577 -0.245021 -0.187094 0.502111 -0.0312917 0.0218077 0.115513 0.0616067 -0.142357 -0.353457 0.192236 0.121665 0.0899686 0.117857 0.0113599 0.0948411 -0.0869238 0.0888469 -0.331712 0.202502 -0.309691 0.14157 
0.109468 0.228827 -0.127482 -0.0107534 -0.115205 -0.00924151 -0.166172 0.198241 -0.00294834 0.115732 -0.0237738 -0.141116 -0.0911759 -0.0828567 -0.0290735 -0.256645 0.125779 -0.584288 0.0629464 -0.0254169 0.243282 0.0538477 0.535278 -0.0851612 0.0745905 
0.036461 0.0425935 -0.0126987 0.020789 -0.0793418 0.0642119 0.0349508 -0.178655 0.00578708 0.10437 -0.00290838 -0.212481 0.222348 0.03323 -0.116085 -0.12333 0.0806482 0.553998 0.135614 0.127158 0.0642717 0.053703 -0.667289 -0.127715 -0.0285384 
0.310682 -0.00522069 0.116988 -0.0219067 -0.0478979 -0.259603 -0.040105 -0.35973 0.0592351 0.242473 0.0554965 0.2657 0.0142735 -0.279151 0.0402235 -0.276799 -0.288378 -0.100188 0.258667 -0.0316387 0.19929 0.043286 0.388054 -0.186695 0.0899905 
0.0548645 0.0452347 -0.0412722 -0.0385073 0.0442268 -0.022247 0.0595507 -0.0865814 0.0184952 -0.0516735 -0.0713335 0.0390697 -0.00903938 0.130561 0.059244 -0.503216 -0.1553 0.390723 -0.167751 0.0250624 0.611242 0.0540651 -0.332453 0.0210097 -0.0414147 
-0.00887573 -0.191912 0.329126 -0.0805758 0.0589174 0.1382 0.360135 -0.381085 -0.0162976 0.137327 0.000796 -0.392947 0.0629675 0.0278281 -0.0743268 -0.11426 0.256842 -0.280175 -0.23402 0.0933968 0.107236 -0.089524 0.178205 0.261487 -0.162264 
0.0871995 0.0150606 -0.112422 0.0128392 0.092972 -0.105994 -0.0466978 0.0657311 0.0211954 0.0420918 0.0516101 0.0724241 -0.0535417 0.0501688 -0.0497784 0.645559 0.00268224 0.269168 -0.0213952 -0.0442596 -0.590062 -0.00920242 -0.300795 -0.0393136 0.0556016 
0.010153 0.0479806 0.098529 0.0167073 -0.0656001 0.0196298 0.128458 0.0447103 0.00329156 -0.0572312 0.0376865 -0.519354 0.0694315 0.167845 0.0922741 0.137343 0.547989 0.212841 -0.265563 0.00138885 -0.21357 -0.114141 -0.338121 0.201071 -0.00994875 
-0.0649385 0.0716672 -0.17607 -0.0339516 0.161252 -0.031308 0.166885 0.3152 0.00622766 -0.00492485 0.0792741 -0.157696 -0.354118 -0.124384 0.0365288 0.108813 0.076843 0.519857 0.0704273 -0.0104564 -0.331403 0.118143 -0.445666 -0.0906232 0.0848868 
0.0898787 0.0590962 0.0502059 0.00436231 -0.0464839 -0.0380993 -0.021813 -0.105073 -0.00872281 -0.00586478 -0.0778284 -0.0403458 -0.051663 0.103022 0.0163351 0.587872 0.124132 0.403976 -0.11831 0.000124864 -0.552486 -0.10843 -0.30517 0.02633 -0.0199841 
-0.0918099 0.130261 0.204469 -0.0949821 0.020379 0.0173337 -0.323296 -0.343136 -0.0114044 0.0835861 0.0162102 0.273411 0.203195 0.0699165 -0.0451202 -0.154425 -0.0591452 0.45558 -0.169043 0.00521433 0.165389 -0.0255584 -0.510742 0.109494 0.0780793 
-0.094335 -0.176788 0.171588 -0.104334 0.0940282 0.0923497 0.185849 0.0165664 -0.0054138 0.0333572 -0.136245 -0.0884037 0.0042058 -0.281543 -0.00387279 0.400188 -0.11438 -0.221724 0.453842 -0.112334 -0.407304 0.225586 0.159136 -0.245551 0.130863 
-0.222698 0.169727 -0.210916 -0.0509178 0.00234469 0.236031 -0.256224 -0.00304294 -0.0307731 0.156384 -0.0149694 0.138724 0.232819 0.0939789 0.0926939 0.490383 -8.27055e-005 -0.288639 -0.102097 0.0439274 -0.492768 0.0205694 0.211735 -0.0873969 -0.0692098 
0.0879621 -0.142524 -0.175582 -0.0500532 -0.207314 -0.0363743 -0.0241143 0.51212 0.00591988 0.250954 -0.0213282 -0.161297 -0.188643 -0.240599 0.0430143 -0.0663191 0.425365 0.249151 0.121572 -0.0513091 0.0792541 -0.139827 -0.386399 0.0816496 0.00543599 
-0.0268712 -0.0886734 0.0146026 0.015665 -0.0430597 -0.224958 0.439274 -0.201592 0.0139236 0.0332543 0.0176035 -0.227044 0.179169 0.212139 -0.119866 0.326568 -0.0288393 -0.215033 -0.37569 0.232982 -0.351849 0.193286 0.181949 0.115172 -0.0599654 
-0.0525351 0.0885572 -0.252746 0.0996994 -0.0267921 -0.111157 0.188183 0.234054 -0.015326 0.269932 -0.0235076 -0.167121 -0.152449 0.0702323 -0.063523 -0.426694 0.131269 -0.0955734 -0.24064 -0.105976 0.498487 -0.107864 0.171777 0.28985 -0.16524 
0.0276863 -0.00586738 0.379214 0.0712434 -0.0946961 -0.139562 -0.517638 0.0731811 -0.0208423 0.101404 0.0586904 0.355647 -0.0788356 -0.239457 -0.0518039 -0.138493 -0.24938 0.130696 0.171464 0.213135 0.227185 0.155747 -0.103557 -0.064664 -0.278624 
0.117783 0.02042 0.0216635 -0.63573 -0.0862995 -0.178248 0.102549 -0.0977622 -0.0443931 -0.0438689 0.100681 -0.0368495 0.188808 -0.00655031 0.0425235 0.32249 -0.176436 0.114289 0.123628 -0.0547122 -0.368312 0.217888 -0.244154 0.0948698 -0.225157 
CSP_Transform_Matrix_Hex: 25, 25
0.0710535 0.0787355 -0.0588841 0.0781121 -0.09474 0.0277502 -0.296414 0.271677 0.0473579 0.0165131 0.0307479 0.239385 -0.125953 -0.418645 0.0693823 0.326287 -0.0292287 0.0879426 0.418767 -0.147777 -0.359819 -0.125926 0.0705251 -0.241309 0.173992 
0.144537 0.0236542 -0.025571 0.179423 -0.0427319 -0.10774 -0.177186 0.093671 -0.250028 -0.0455269 0.0298587 -0.0391418 0.24951 0.349544 0.0561396 -0.286402 0.240547 0.219177 -0.274628 -0.0781583 0.272622 -0.00285105 -0.516617 0.14721 0.0717607 
-0.117094 0.00820834 -0.0764697 -0.0516266 0.0106691 0.0699666 -0.220527 0.120362 0.00317528 -0.0719536 0.00699422 0.430346 -0.379539 0.373862 0.0317914 0.109657 -0.206123 0.364632 -0.330359 -0.0640692 -0.167211 -0.0930966 0.14828 -0.142848 0.233631 
-0.0750715 -0.175882 0.116364 0.0352766 -0.206375 -0.00831882 0.346744 -0.0236919 -0.0322437 0.0464358 0.0161552 -0.234772 -0.130112 0.119919 0.0252435 -0.203135 0.23956 -0.306911 -0.271492 0.0138135 0.187028 -0.204928 0.473336 0.291351 -0.204977 
0.068312 0.253522 0.00249757 -0.189644 -0.0266769 -0.0817343 -0.323051 -0.201733 -0.0836507 0.211468 0.0098219 0.259849 0.0306934 -0.036088 -0.0172954 -0.388989 -0.0392554 -0.41923 0.151942 -0.0745449 0.19584 0.138599 0.415009 -0.155165 0.098173 
-0.426977 -0.0331063 -0.0541725 -0.0721865 0.0671348 0.249495 0.304477 -0.0747732 -0.0271862 -0.0346173 0.00709189 -0.32227 0.271867 -0.0890793 0.0229494 -0.362165 0.152484 -0.0161805 0.182395 -0.0280885 0.440998 -0.0469944 -0.0192217 -0.251556 0.0781455 
-0.00954238 0.145449 -0.11685 -0.0673316 -0.0997907 0.093892 -0.125365 0.270702 -0.0534276 -0.0889757 -0.0531417 0.0586924 -0.361077 0.0892579 0.0940963 0.251051 -0.00255691 -0.405539 0.189938 -0.0406518 -0.0128361 -0.248235 0.580186 -0.138918 -0.0750775 
-0.019334 0.00132375 0.267786 -0.0597206 -0.0355782 0.0365134 0.00650952 -0.324538 0.0231679 -0.133932 0.00739428 -0.0107294 0.162764 0.0059139 0.0847794 0.166834 -0.00177563 0.485112 0.0683214 -0.066338 -0.236025 0.0904163 -0.650806 0.0659058 0.00307511 
0.0294805 -0.0939504 -0.161577 -0.299593 0.0170539 -0.0565464 0.253179 0.596129 -0.00811646 -0.0491095 -0.00354765 -0.163594 -0.596565 -0.0252078 -0.02547 0.00592123 0.0345629 -0.00984055 0.0097572 -0.0810274 -0.00337174 0.114692 0.208228 -0.0180815 -0.0147654 
-0.0238471 -0.00346109 0.122266 0.0262357 0.0155249 -0.0163037 0.124441 -0.193228 -0.0290307 0.0649816 -0.000512048 -0.0639067 -0.029569 0.0445666 -0.0187647 0.425558 0.032074 0.602466 -0.0802709 0.00209713 -0.364466 -0.104214 -0.47204 -0.00562389 0.000140545 
0.00102941 0.0841467 -0.29679 0.121878 -0.00398554 0.449477 -0.126859 0.246243 -0.0256511 0.0894182 0.0772431 -0.329733 -0.0546777 0.14688 0.0947791 -0.243849 -0.0231489 0.119024 -0.441735 -0.100289 -0.0759527 0.310676 -0.11671 0.242862 0.00840909 
-0.0567537 0.00658027 -0.0936448 0.0849508 -0.0981754 -0.0681208 0.114585 0.217167 0.000832681 0.0715734 0.0334827 0.0726198 -0.231733 -0.0724265 0.0420959 -0.61933 -0.241205 0.130663 0.104847 0.0412509 0.569708 0.149073 -0.0315548 -0.107224 0.0560793 
0.0237536 0.116027 0.0944465 -0.0311459 -0.0871539 -0.076451 -0.251169 -0.327273 0.0342241 0.0403529 -0.0193969 0.365278 0.34328 0.00766515 0.0120688 0.0879898 -0.540696 0.181949 -0.158893 0.0317209 0.0604657 0.267018 -0.197885 0.171938 -0.186204 
0.0909633 0.0963705 -0.283402 -0.0372379 -0.139716 0.00813399 0.0265684 0.0486597 0.0469731 0.0899165 -0.00611935 -0.119265 0.170187 0.0891499 -0.0759062 -0.0164353 0.153979 0.548288 -0.140342 0.078749 0.016504 -0.0757049 -0.668065 0.0625085 -0.0642625 
0.0755311 0.0990663 0.0038268 -0.0171474 0.115572 -0.0374929 -0.000885571 -0.108045 0.00214544 -0.170436 -0.037811 -0.059174 -0.0181048 0.159884 -0.00257466 -0.528863 0.109271 -0.0854393 -0.350799 0.0522424 0.593357 -0.17667 0.22988 0.191855 -0.0137719 
0.0211012 0.0466855 0.0248784 0.134964 -0.0671125 0.109397 -0.320126 0.292681 0.0015223 -0.000732186 -0.111388 0.0172995 -0.350749 -0.395344 -0.136138 -0.0236133 0.23374 0.146253 0.538925 0.182505 0.171021 -0.126526 -0.125328 -0.025717 -0.0375109 
0.0454744 -0.159323 0.182814 -0.179652 -0.058927 0.144801 0.0953046 -0.269518 -0.083913 0.0802989 -0.0584925 0.187083 0.248509 0.047653 -0.0882309 -0.36496 -0.566746 0.184346 0.00750485 -0.0196707 0.341681 0.187498 -0.14466 -0.0312454 0.119743 
0.00520868 0.023022 -0.162127 -0.0629681 -0.0160479 -0.0981615 0.119496 0.115518 0.00527875 0.000249206 -0.00453033 -0.208944 0.098553 0.0253123 0.0593296 0.612466 0.198244 -0.119688 -0.143874 -0.136419 -0.592558 -0.0887004 -0.0101285 0.145549 0.160515 
-0.0813501 -0.0216123 0.139076 -0.0512711 -0.274658 0.153604 0.0593788 0.0771016 0.0383708 0.422329 -0.113092 -0.12434 -0.0644307 0.144905 -0.0118581 -0.22962 0.197437 -0.230217 -0.512816 0.017162 0.296742 -0.0701289 0.143702 0.327669 -0.0097988 
-0.123837 0.090499 0.0981442 -0.131068 -0.0831707 0.0419813 -0.124783 0.251119 -0.0361676 0.02995 -0.0128396 -0.269605 -0.0781651 0.00398986 -0.12674 0.479276 0.255676 0.151343 -0.0392033 0.241429 -0.59364 0.00337818 -0.144218 0.0281038 -0.115289 
-0.122176 0.117092 -0.0697825 0.503898 0.123616 0.112786 -0.249686 0.0497724 -0.00361276 -0.364768 -0.261179 0.262335 0.102296 0.100481 0.0497832 0.163887 -0.196901 0.204434 -0.147517 -0.219634 -0.0640009 0.161866 -0.338849 0.058441 -0.0257239 
0.0753307 0.0387543 -0.17243 0.160636 0.0265696 -0.0232502 0.389791 6.48634e-005 -0.000358546 -0.0675487 0.00294625 -0.319509 -0.0235212 0.0665152 -0.0337074 0.330219 -0.0610768 -0.348427 0.0817988 -0.0204644 -0.453126 0.191257 0.414598 -0.107839 0.0679838 
0.14127 -0.0142558 0.256487 0.0366787 -0.223917 -0.100331 0.0217778 -0.175547 0.0417448 0.0986401 -0.00659014 -0.255106 -0.138804 0.118202 0.0107733 -0.467767 0.166351 0.141551 -0.00734706 -0.142514 0.530156 -0.109645 0.168436 -0.272845 0.168764 
0.0561739 0.0264365 -0.317598 -0.0476052 0.174663 -0.0654638 0.0946789 0.381899 -0.0163728 0.0807271 -0.0743068 -0.294073 -0.16727 -0.137614 0.0784257 -0.228617 0.298473 0.370732 0.145519 -0.123219 0.316054 -0.227342 -0.260445 0.0862522 -0.0977544 
-0.183515 0.0908623 -0.00360026 0.0143709 0.0831716 0.0803805 -0.194921 0.0973251 0.0116625 0.0298081 0.110958 0.186412 -0.105438 0.0330598 -0.0926582 -0.581206 -0.0630737 -0.0695076 -0.14562 -0.0842716 0.58981 -0.0817998 0.0285718 0.308687 -0.0503143 
CSP_Transform_Matrix_Hex: 25, 25
-0.0941212 -0.0348994 -0.0869688 0.0263912 -0.119828 -0.0448857 0.123822 0.0530595 -0.10624 0.0629649 0.0516666 -0.15283 0.121275 0.58924 0.0505591 -0.352722 0.297326 -0.120165 -0.483073 -0.0172266 0.250755 -0.0197441 -0.0924483 0.0571727 0.0735045 
-0.158797 -0.119288 0.182576 0.0758262 -0.21139 0.0588423 0.260258 0.0319336 0.044569 0.0455017 0.0398344 -0.00460906 -0.358765 -0.0366117 0.0636667 0.227559 -0.11323 0.658928 -0.00882668 0.0176684 -0.303094 -0.112866 -0.226304 -0.0687117 0.0712538 
0.0505853 0.0459307 -0.308619 -0.0416917 0.00857341 -0.0246169 -0.17764 0.471391 0.15333 -0.177288 -0.0630496 -0.0201839 -0.09709 0.11168 0.0533859 0.495502 -0.0417848 0.214464 0.076208 -0.0399723 -0.372185 0.00432101 -0.33138 -0.0932693 0.0459265 
0.0526717 0.0466814 0.0179225 -0.0530122 -0.0820527 0.018371 -0.0990744 0.126816 -0.0214159 0.0420243 -0.0247089 0.11618 -0.297779 0.143046 -0.0113691 -0.491879 -0.207737 -0.283279 -0.0519928 0.0816352 0.516351 0.110451 0.415273 -0.0262959 -0.0816977 
-0.120676 -0.183364 0.290181 -0.132071 0.148477 -0.0674316 0.358448 -0.374652 -0.0282042 -0.060138 -0.00870926 -0.0517197 0.188374 0.169266 -0.0112414 0.199588 -0.181132 -0.106343 -0.203926 -0.0415893 -0.196127 0.130104 -0.236509 0.468139 -0.159837 
0.00134292 -0.01137 0.0215108 -0.0602554 0.0433777 0.0364257 -0.0868235 0.056375 -0.0668475 -0.0869569 0.0100384 0.0828994 -0.0199976 -0.00112014 0.0210826 0.588955 -0.136661 0.224753 0.104859 -0.0244241 -0.649094 0.183404 -0.272493 -0.0662982 0.0272553 
-0.0142235 0.128056 0.0267096 0.137994 -0.0258211 -0.0780836 -0.0861215 -0.0262747 0.0335669 -0.0302552 0.0399497 -0.11551 0.187144 -0.122419 -0.055908 -0.317935 0.0191018 0.317496 -0.0897597 0.135022 0.0845555 0.387895 -0.5669 0.285732 -0.299144 
0.00622427 0.0129793 -0.00614035 0.222018 0.00510585 0.0367824 -0.0770189 0.0675907 -0.0149444 -0.127828 -0.0136907 -0.0589722 -0.0200867 0.102096 0.0586118 0.293744 0.171044 -0.523709 -0.230376 -0.0250758 -0.282633 -0.1803 0.554884 0.189135 -0.0672331 
0.00335512 0.0558511 0.00171984 -0.00810878 -0.177575 0.00914829 -0.106021 -0.161253 -0.0179988 0.0678681 -0.0636084 0.226347 0.19519 0.199048 -0.029349 0.0636899 -0.179182 0.469645 -0.394436 -0.00922418 0.248828 -0.174984 -0.462836 0.256687 -0.0641727 
0.108494 0.136515 -0.0460549 0.0635551 0.220981 -0.0515241 -0.186213 0.0755491 -0.0508513 -0.0333293 0.0142396 0.0361989 -0.161512 0.143589 0.0213698 0.00805343 0.204339 0.533341 -0.354937 -0.107499 -0.0671661 -0.269572 -0.396509 0.316965 0.143239 
-0.00989553 -0.0147131 -0.0700048 -0.114661 -0.0920034 -0.0145899 0.0351287 0.359889 -0.00656888 0.19322 -0.00908571 -0.389459 -0.281081 -0.0452142 -0.01907 0.172025 0.576115 0.228084 -0.141609 -0.0372103 -0.137487 -0.264599 -0.195438 0.0963621 0.0171633 
0.101974 0.0912637 0.239889 0.0663809 -0.173622 -0.0745913 -0.0135582 -0.241454 0.0120245 -0.0506665 0.0232404 -0.128676 0.199454 -0.0878101 0.0609759 0.458366 0.0615406 -0.160564 0.29903 -0.0810952 -0.510422 0.18677 -0.263186 -0.121148 0.197704 
0.0784585 -0.0775984 -0.289523 0.171156 0.0132557 -0.0476864 0.435518 0.272866 -0.0236212 -0.0529896 0.0213437 -0.418379 -0.164114 0.135817 -0.015357 -0.325232 -0.0333372 -0.158194 -0.191636 -0.0553444 0.326619 0.141178 0.266626 0.0469812 0.109719 
-0.0164034 -0.157939 0.171093 0.00206229 -0.0249535 0.143524 0.100537 0.488518 -0.0709285 0.0618295 -0.00856023 -0.153759 -0.157426 -0.348878 -0.16231 -0.318716 -0.0514422 -0.284127 0.355543 0.0511339 0.298221 0.00123374 0.240743 -0.0868335 -0.0412737 
0.0928725 0.0926107 -0.12779 -0.171756 -0.116626 -0.0580041 -0.0395883 -0.014821 -0.024845 0.300091 -0.0047726 0.00954205 0.213985 -0.0323256 0.0220267 0.010018 -0.514126 -0.271669 -0.120693 -0.150399 -0.139553 0.279384 0.504863 -0.106661 0.202235 
-0.00161395 0.0332483 0.0701383 0.0255365 -0.0346517 0.0364825 0.177813 -0.197281 -0.0358717 0.0276382 -0.0567582 -0.384179 0.00217118 0.197571 -0.12556 0.534563 0.227904 0.266639 0.014896 0.148639 -0.473536 -0.15239 -0.0318671 -0.142176 -0.113061 
0.00860507 0.0549625 0.00400411 -0.200786 0.0443823 0.134712 0.221098 -0.361172 0.0371334 -0.149929 0.173569 -0.205161 0.145525 0.371073 0.0512649 -0.194538 0.00532557 0.411983 -0.394214 -0.0848185 0.145546 -0.135341 -0.267953 0.0325441 -0.130351 
0.133417 0.0456476 -0.318917 -0.0697101 -0.137172 0.045914 0.125765 0.298743 -0.0143111 0.0716462 -0.000885993 -0.268414 0.00586774 -0.302345 0.0879448 0.0761269 0.279259 -0.289823 0.514209 -0.0509182 -0.140893 -0.0222385 -0.00463166 0.188483 -0.283408 
-0.204172 -0.0483009 0.0322648 -0.170564 0.00726462 0.185657 -0.00975847 0.0648601 0.0246448 0.0698601 0.0883419 -0.174537 0.184435 -0.0305136 -0.0685731 -0.0890098 0.117446 -0.593235 -0.275646 0.208177 0.0398041 0.0674406 0.342559 0.424824 -0.0818618 
0.116156 -0.00374619 -0.0764582 -0.224392 -0.0628142 -0.0296364 0.164119 0.132667 0.0396296 -0.175323 -0.0512268 -0.154912 -0.173101 0.261873 -0.0204413 -0.0793904 0.223731 -0.413611 -0.422685 -0.0338862 -0.0719024 -0.035458 0.512341 0.166598 0.138305 
0.244074 -0.0570509 0.0715088 0.022632 -0.0774823 -0.142062 0.193011 -0.263045 0.0144915 0.109003 -0.00194818 -0.162457 0.244302 0.113151 -0.0356062 0.329026 0.0410266 0.332878 -0.23657 0.148067 -0.388214 0.0633746 -0.462816 0.094977 -0.10045 
0.0592238 -0.036846 0.262377 -0.053164 -0.058743 -0.012617 -0.14932 -0.238469 -0.0442941 -0.165486 -0.0214426 -0.0394366 0.207818 -0.0232804 0.0412198 -0.545813 0.0875589 0.195481 0.126233 0.024586 0.578541 -0.130054 -0.221998 0.0463597 -0.0226759 
0.00357789 -0.067126 0.176117 -0.186057 0.100093 -0.274905 0.296869 0.12774 -0.0192011 -0.114131 -0.0560691 -0.22328 -0.27194 -0.070751 0.13008 0.355055 0.14733 -0.237555 0.031841 -0.0793721 -0.0167522 -0.18405 0.54485 0.000793154 -0.187093 
0.123248 -0.114949 0.413391 0.0611098 -0.195905 -0.114522 -0.362103 -0.211942 0.0607639 0.0886634 0.120561 0.469329 -0.17923 0.0773946 -0.0104115 -0.0999528 -0.162512 -0.176687 -0.0720885 -0.188253 -0.0245624 0.088871 0.395888 0.106638 0.00169817 
0.0567978 0.055691 -0.233135 -0.0290814 -0.0394976 -0.241993 -0.137666 0.359938 -0.00996439 0.00664037 0.0940455 0.282421 -0.250314 -0.181876 -0.0813018 0.103491 0.0581716 -0.404495 0.299401 0.121739 -0.0746871 -0.227253 0.441144 -0.0666663 -0.0174468 
CSP_Transform_Matrix_Hex: 25, 25
-0.0402619 -0.125927 0.206095 -0.171455 0.0109803 -0.0169247 0.155021 -0.0170338 -0.272889 0.219547 0.038883 -0.0831726 0.0396923 -0.10516 -0.0104557 0.128713 0.16115 -0.471712 0.571302 -0.0740842 -0.246339 0.191409 -0.0438027 -0.174151 0.124851 
-0.0157521 -0.0202867 -0.192121 0.0269023 -0.0512577 -0.0150816 0.00662286 0.418506 -0.0171796 0.010719 0.0197678 0.0859837 -0.459829 0.0436483 0.00936654 -0.184345 0.034897 -0.214633 0.0184653 -0.0248981 0.143435 -0.193041 0.626694 -0.1455 0.0897086 
0.111945 -0.0637436 -0.0397378 -0.314228 -0.0473936 -0.0221415 0.124051 0.181444 0.103383 0.124393 0.018728 0.235566 0.0463332 -0.348441 -0.0216788 0.238505 -0.374645 -0.0905643 0.469785 -0.0199897 -0.303122 0.190085 -0.156137 -0.209282 0.0572003 
0.00461479 0.0571811 -0.212538 -0.0730165 -0.153906 -0.0256288 -0.169029 0.311833 0.0493826 0.2951 -0.0231885 0.121676 -0.205132 -0.116297 0.0819181 -0.179334 0.0052128 -0.413889 0.140828 -0.0191929 0.365271 -0.088924 0.171415 0.378411 -0.302109 
-0.117161 0.0168829 -0.278018 0.186188 -0.0754849 0.0788188 0.0832483 0.120448 -0.0507409 0.415687 -0.0201442 -0.151415 0.390163 -0.342232 -0.0259567 -0.00196428 -0.130404 0.453867 0.122221 -0.0528846 0.063887 -0.0178254 -0.349447 -0.0532403 0.0432148 
0.0349415 0.00103701 0.133845 0.0615341 -0.028028 0.000170023 0.0918179 -0.313531 -0.0389725 -0.113315 0.0145581 0.113627 0.168304 0.302299 0.0745854 0.494462 -0.348623 0.222147 -0.212598 -0.00497563 -0.481409 0.0403516 -0.137647 0.055587 -0.0279562 
0.0830565 0.0913016 -0.247263 -0.0228879 0.222395 -0.0556119 -0.0193136 0.304585 -0.048852 -0.132588 -0.0698501 -0.00254052 -0.0484671 -0.140657 -0.113561 -0.130099 -0.315522 0.386194 0.308399 0.126291 0.208887 0.148091 -0.511134 0.0918013 -0.0747585 
-0.00932988 0.0636944 -0.0613826 0.114528 0.00228653 0.055346 -0.0959734 -0.0251292 0.0277003 -0.0792523 -0.0223288 0.13361 0.0710151 -0.266661 0.0225429 -0.0707106 -0.264978 -0.506715 0.515013 0.0290396 0.0718369 0.17496 0.398889 -0.246583 0.101297 
0.0885118 0.0169832 -0.176061 0.0194627 -0.00585067 -0.0141997 0.0855981 0.251051 -0.0320098 -0.0679063 -0.0407983 -0.147952 0.0740708 0.0959317 0.0256333 -0.314435 0.032129 -0.643253 -0.152659 0.00756441 0.333266 0.0298724 0.427895 0.0856539 -0.0771184 
-0.0587616 -0.145218 0.318074 0.297022 0.0454978 -0.016145 -0.114731 0.0115433 0.001999 0.0853422 -0.0704404 0.311729 -0.130993 -0.104 -0.18602 0.115117 -0.199149 -0.438611 -0.0141695 0.221656 0.05146 -0.0116651 0.514374 0.0734246 -0.176227 
0.0700283 0.0360852 0.0365409 -0.175311 0.0787146 0.0160611 0.0828663 -0.322139 -0.0139236 0.156405 -0.00758337 0.108656 0.0826758 0.0274555 -0.0990495 -0.308217 -0.415403 -0.163661 -0.327139 0.00566334 0.305268 0.0078392 0.532133 0.102873 0.0481462 
-0.0135662 -0.00864322 0.16249 -0.0568595 0.218188 -0.235084 -0.319205 -0.189727 0.015129 -0.0697972 0.00795539 0.578752 0.126907 -0.0781051 0.0723289 -0.290016 -0.126894 -0.118745 0.0392362 -0.107284 0.385864 -0.245593 0.121433 0.0341481 0.0964951 
0.196738 0.00829987 0.315234 0.160478 -0.00910182 0.00641536 0.0470819 -0.0890478 0.00435359 -0.0125045 -0.0357735 -0.242676 -0.232741 -0.524202 0.11638 -0.165008 0.0575414 0.361687 0.436813 -0.127995 0.108068 -0.138872 0.0696335 3.60338e-005 -0.136476 
0.0872462 0.125703 -0.178273 0.049142 0.282794 -0.0752927 0.0951662 -0.204829 -0.00693031 0.164448 -0.111724 -0.0741746 -0.0387205 0.404386 0.037874 -0.0132845 -0.11097 0.389757 -0.255062 0.00466141 -0.130841 0.37003 -0.133389 -0.437148 -0.0422955 
0.123852 0.0774228 0.0968774 -0.0017762 -0.228422 -0.268765 0.0501388 0.0729788 0.0120177 0.169095 -0.0123796 -0.334996 -0.0626096 0.110287 -0.0529628 0.413816 0.293026 -0.0604514 -0.173228 0.0155418 -0.572807 0.0409707 0.066107 -0.0637739 0.218609 
-0.215636 -0.0491777 0.228361 -0.420106 0.0272781 0.177677 -0.253728 0.263316 -0.0217617 -0.0160235 -0.104342 -0.147263 -0.158061 -0.226173 0.052853 0.371195 0.123072 -0.0954271 0.0553759 0.170536 -0.373092 0.0111731 0.3187 0.0086711 -0.0950199 
0.0227499 -0.0338973 0.156984 -0.0596414 -0.225111 0.0208761 0.0567876 -0.41111 0.00113239 0.047649 -0.0751967 0.0279867 0.186807 -0.022949 -0.0723768 -0.14233 0.0731287 0.473409 0.320576 0.207872 0.123648 -0.24442 -0.390454 -0.108469 -0.249926 
-0.141778 -0.0392651 0.0751041 0.062203 0.00860141 0.0410303 0.03375 0.00710391 -0.000116427 0.0116597 -0.0522097 0.30594 -0.0538123 -0.162705 0.0258467 0.43686 -0.285163 0.410266 0.00819051 -0.0991277 -0.377022 0.010644 -0.460012 -0.0322847 0.184699 
-0.0360184 -0.102955 0.0390973 0.0257958 -4.68959e-005 0.0996601 0.244067 0.0014441 0.0192029 0.0770511 -0.0677423 -0.390706 -0.0980995 0.313623 -0.00389098 0.0165799 0.109938 0.465588 -0.300123 -0.021693 0.270335 -0.330922 -0.20245 -0.227817 0.222951 
-0.0895953 0.00218312 0.0970767 0.0869051 -0.00788487 0.0587357 -0.244101 -0.0109903 -0.00882318 0.144169 0.173558 0.262069 0.0499699 -0.174601 -0.0272686 -0.390009 -0.437556 0.138695 0.290211 0.0833453 0.139614 0.388423 -0.190841 -0.307315 -0.0564578 
0.127116 0.104184 -0.207288 0.0221423 0.0384897 -0.148418 0.00624378 0.119139 -0.0217505 0.119827 0.0226975 -0.00273649 -0.0908898 -0.258605 -0.0424921 0.483225 0.33646 0.251246 0.169481 0.189785 -0.301127 -0.411193 -0.186491 -0.0715889 -0.158898 
-0.0701272 0.00137805 0.111899 -0.0511677 -0.0970759 -0.00469021 0.0929052 -0.0715142 -0.0117118 0.0493876 0.0144457 0.0658684 -0.0317447 0.113328 -0.000695988 -0.646751 -0.114668 0.0571698 -0.179028 0.0731552 0.678196 0.0319674 -0.021852 0.045108 -0.0135566 
-0.0269575 0.0835004 0.129722 -0.177137 -0.0804296 -0.0556054 -0.259994 -0.0214858 -0.0411743 -0.0913187 -0.0899426 0.292142 -0.121463 -0.0699933 0.0278142 0.21314 -0.351288 0.0433063 0.440713 -0.110001 0.247111 -0.037812 0.286553 -0.455325 -0.116693 
-0.0718258 -0.194859 0.0020683 -0.010121 0.0887662 -0.193086 0.641953 0.0104739 0.0247052 -0.0742082 0.0142223 -0.331976 -0.0707186 -0.168488 0.0286725 0.265214 -0.146609 -0.194126 0.191756 0.0073318 -0.235252 0.189725 0.274376 -0.00891392 -0.124929 
-0.278699 0.0625627 -0.0118568 -0.0163269 0.215836 0.187825 0.0784422 0.103993 0.00890699 -0.0805308 0.0443323 -0.305355 -0.0881685 -0.0656385 -0.0239801 0.242007 0.474014 -0.283373 0.119571 -0.00695593 -0.240898 -0.387662 0.276626 0.119317 -0.166644 
CSP_Transform_Matrix_Hex: 25, 25
0.0364948 -0.007452 -0.187947 0.0165298 -0.0216004 -0.0383548 0.134503 0.565136 -0.139415 0.0340405 0.0100469 -0.209676 -0.318441 -0.224286 -0.00378926 0.253899 0.226376 -0.0822853 0.350943 -0.0236479 -0.290009 -0.095584 0.166397 -0.195261 0.044338 
-0.0500194 -0.00155012 0.348765 0.0373986 0.0698336 -0.0171152 0.0150717 -0.301466 -0.105036 -0.27625 -0.0351353 -0.211541 -0.128444 0.363329 0.0599545 -0.253189 0.281474 0.173281 0.186779 0.0163812 0.318317 -0.0475368 -0.41327 -0.0964761 0.0234614 
-0.0698406 0.0327872 0.135058 -0.368533 0.0751358 0.0502216 -0.204116 -0.166092 -0.0744854 0.169329 -0.038991 0.22024 0.129404 -0.0908917 -0.0573051 -0.291483 -0.152356 0.384164 -0.197826 0.00891255 0.334925 -0.128036 -0.32005 0.350072 0.0388992 
0.0365654 -0.0257151 0.161128 -0.364489 0.0221554 0.0510798 0.11126 -0.0426884 -0.00531813 -0.044792 -0.0469647 -0.215519 0.0476177 0.166427 -0.00372321 0.0267787 0.277606 -0.626715 -0.156206 0.0485278 -0.0292773 0.00249482 0.432749 0.0433572 -0.232152 
-0.0503153 -0.0942073 0.131292 -0.0570508 -0.0649067 0.0660623 0.0737862 0.25145 0.0790792 0.000797818 -0.0165097 -0.154467 -0.3968 -0.315209 0.107765 0.297133 0.41258 0.257154 0.118275 -0.111201 -0.282255 -0.2889 -0.242505 0.135747 0.0261743 
0.0596886 0.0113978 0.0337753 0.145547 -0.0333703 -0.0495696 -0.0817319 -0.190269 -0.0726572 0.0475665 -0.0404139 0.0508695 -0.155474 0.278977 0.0280856 0.005223 0.305364 0.220703 -0.422941 0.0219458 0.189407 -0.48515 0.237338 0.245588 -0.322093 
0.00106324 -0.0923452 0.311372 0.000829957 -0.0418715 -0.0901643 0.088738 -0.175231 0.0201949 -0.0357958 -0.02251 0.207634 -0.255163 0.170704 0.00114835 -0.343772 -0.175176 0.285549 -0.271983 -0.0104222 0.409929 -0.23981 0.336222 -0.18921 0.166178 
-0.0218781 -0.00644062 -0.0812083 -0.102773 -0.128539 0.128019 -0.105081 0.0520769 0.0164925 0.394546 0.026711 -0.0661281 -0.30875 -0.119438 -0.121092 -0.297429 0.344739 0.184973 0.29147 0.0176186 0.376853 -0.247503 0.0947849 -0.326544 0.0685398 
-0.0520621 0.0312859 -0.203256 0.0255422 0.253437 0.139711 -0.081423 0.370697 0.0165169 -0.205868 -0.0435477 0.0800413 -0.403653 -0.0871634 -0.0335949 0.0160561 -0.142661 -0.307662 0.120538 0.0679625 0.156786 -0.122746 0.568703 -0.0239967 -0.0766083 
-0.0675151 -0.0560491 0.163994 0.0406862 0.0285658 -0.00323562 0.203315 -0.120641 -0.0380469 -0.0181695 0.0994418 -0.0644611 -0.179463 0.038576 0.0692041 0.118797 0.109752 -0.536048 -0.0846215 -0.0926188 -0.376849 0.162691 0.517599 0.29444 0.0198672 
0.0702833 0.0661377 -0.174544 -0.0973632 0.0611252 -0.0260393 0.086605 -0.0599099 0.0145472 -0.0314085 0.0464104 0.0185107 -0.0597266 0.233041 0.0219166 -0.0900789 -0.0241861 0.639315 -0.218135 -0.0119306 -0.13852 0.234595 -0.575626 -0.0435264 -0.0239992 
0.075906 0.0678455 0.340878 0.072454 -0.0801642 0.0735534 0.00883858 -0.605739 -0.0259938 -0.03018 -0.00768287 -0.0600987 0.226803 -0.252066 -0.105879 0.087142 -0.183894 0.313816 0.0374887 0.168048 -0.197313 0.299102 -0.182956 -0.157425 0.0414975 
0.157195 -0.0183992 -0.143625 -0.151879 -0.06614 0.121007 0.251563 -0.379537 0.00819692 -0.31906 0.141776 0.0905649 0.2758 -0.0184916 0.107522 -0.398013 -0.29385 -0.0686464 0.212847 -0.195256 0.304611 -0.152094 0.173287 0.0851889 -0.0256874 
-0.0486601 -0.0325488 0.184881 -0.103473 -0.33475 0.0898761 -0.209056 0.0981452 0.00319781 -0.097372 -0.0829166 0.318388 -0.245753 0.0741901 -0.0111288 0.339061 -0.409651 -0.063698 0.305319 -0.023757 -0.309056 0.209019 0.211295 -0.172923 0.00906972 
0.115879 -0.072514 -0.0814306 0.092617 0.109472 -0.122023 0.404142 0.107991 -0.00322197 -0.0634616 -0.0400718 -0.343393 -0.0512767 0.207125 -0.153327 -0.0998576 0.235977 -0.0177611 -0.52272 -0.0733733 0.174941 -0.0453242 -0.163147 0.408607 0.0284411 
-0.143624 -0.0517895 -0.123889 -0.299419 -0.100867 -0.154884 0.168677 0.205212 -0.00225789 -0.121694 0.042133 -0.112372 -0.179548 0.387524 0.0521314 0.425009 0.232777 0.0321513 -0.487904 -0.0259681 -0.0832839 -0.192609 0.0469829 -0.00404859 0.178273 
-0.00765917 -0.0249855 0.0414454 0.0289803 -0.0228741 0.092936 0.341104 -0.253732 -0.029764 0.169068 -0.0616998 0.0311783 0.145215 0.0475561 0.0718169 0.121821 -0.661304 0.32561 -0.0187571 -0.107658 0.118745 0.210222 -0.286409 -0.161775 0.0865464 
-0.170004 -0.106479 0.0136946 0.00235451 0.00216902 0.0973413 0.116726 0.154552 -0.026386 0.079253 0.0657636 -0.150704 -0.157385 0.134428 0.00911806 -0.525603 -0.178665 -0.255942 -0.231096 -0.0577555 0.32261 0.26447 0.456299 -0.117046 0.0963392 
-0.0785915 -0.0548423 0.100645 0.103592 -0.110748 0.253138 -0.16541 0.03247 -0.0254052 -0.0290484 0.0602197 0.0485759 0.13898 0.276138 -0.0126152 -0.350936 0.169919 0.142712 -0.465276 0.0665225 0.347099 -0.0938304 -0.397831 0.282582 -0.0358932 
0.247908 -0.107576 0.163041 -0.051438 -0.0191395 -0.142812 -0.0393891 -0.158989 -0.0218827 0.12289 0.0928537 0.309894 -0.0543114 0.155074 -0.0517866 0.442014 -0.335829 -0.022203 -0.0835633 0.0668312 -0.576304 0.158446 -0.103278 -0.0610412 0.0922521 
-0.0334617 0.0201573 0.356602 -0.0753315 0.00696156 -0.083534 -0.0743006 -0.0895629 0.0379963 0.0310273 0.130681 0.0364417 -0.108741 -0.378784 -0.0317515 -0.11369 -0.151296 0.358662 0.387969 0.0809373 0.160912 0.0506631 -0.231654 0.141826 -0.494147 
-0.0657515 0.217849 0.0730685 0.0305277 0.100371 0.049683 -0.641021 -0.0153793 0.00563061 -0.0149659 0.0487759 0.506623 -0.0517604 0.0398344 0.0389561 0.165366 0.0279152 -0.0445674 -0.099273 -0.238244 -0.173008 -0.141138 0.0585805 -0.149249 0.284411 
0.183173 0.071587 -0.0860813 0.00176171 -0.0612382 -0.0857019 -0.199448 0.227074 -0.00019666 -0.0156674 -0.0232102 0.0920419 -0.101041 -0.0810239 0.0519807 -0.493216 -0.0810538 -0.419535 0.076416 -0.0483434 0.509165 0.178539 0.311467 0.0185127 0.0156262 
0.0673749 -0.0520714 0.18421 -0.0197599 0.115084 0.0807938 -0.03366 -0.196879 -0.0137439 -0.0969603 -0.0543803 -0.33866 0.157303 0.0874843 0.0518796 0.449898 0.0930244 0.468605 -0.134093 -0.141785 -0.423027 0.0458035 -0.282219 -0.0364193 0.0753085 
0.163734 0.155546 -0.137599 -0.0147966 -0.160277 0.04403 0.10875 0.150674 0.0177061 0.0816973 -0.0174489 -0.550903 -0.195607 0.312947 -0.00693667 0.0714718 0.301351 0.0795093 -0.459115 0.0285866 -0.116836 -0.191369 0.161136 0.173443 0.0221239 
CSP_Transform_Matrix_Hex: 25, 25
0.0789217 -0.0153301 -0.118717 -0.138195 -0.0975148 -0.0461518 -0.258643 -0.10897 0.33323 0.0723859 0.0118532 0.517551 0.26927 -0.508847 -0.00132452 0.0365457 -0.362703 0.0638054 0.0240961 -0.0800324 0.0459737 0.0880784 -0.00713 -0.00434615 0.0182447 
-0.164757 -0.0325613 0.227569 0.588289 -0.0851432 0.0482102 -0.117332 -0.0304105 0.043401 0.0151555 0.059501 0.0671105 -0.116694 0.3539 0.0393393 -0.201965 -0.0176235 -0.0954428 -0.482302 -0.0236272 0.169422 0.0542135 0.199623 -0.154112 0.143051 
0.0637942 0.009479 0.179479 0.0425562 -0.0764318 -0.0114592 0.0271244 -0.484904 -0.00909835 0.111004 0.0556975 -0.0330419 0.472036 -0.160146 -0.00763125 -0.0121852 0.0609199 0.528667 -0.027175 -0.0283523 -0.0778686 -0.0901362 -0.392748 -0.0291064 0.0260309 
0.0264763 -0.0139721 0.134876 -0.00686295 -0.179945 0.0686589 -0.0660598 -0.191571 0.0247641 -0.119777 -0.0296535 0.135264 -0.230685 0.268242 -0.0275095 -0.0627466 -0.257244 -0.0483954 0.104687 0.0260275 0.194583 -0.263002 0.704647 -0.229552 -0.0479693 
2.59817e-005 -0.0280154 -0.034925 -0.0858983 0.0456433 -0.00307265 -0.0118758 -0.114964 -0.0194241 -0.0051417 -0.0192154 0.137451 0.272529 0.495406 -0.0284614 -0.177084 -0.274754 -0.081946 -0.657419 0.0230944 0.121528 0.222891 0.0964072 -0.0395298 0.115707 
-0.0540238 -0.0734621 -0.132085 0.0621711 -0.0746212 -0.0813969 0.234222 -0.0202479 0.0044677 -0.104341 -0.0190531 -0.26951 0.319673 0.112073 -0.0337916 0.445372 0.200218 -0.398698 0.166173 0.0882442 -0.454306 0.214671 -0.125983 0.0170644 -0.0408236 
0.0253152 0.0471588 0.0518873 0.0110566 0.0667432 -0.117482 -0.0729165 0.281973 0.0572088 0.063683 0.0105103 0.120835 -0.232399 -0.392646 -0.0807793 0.23009 -0.186172 -0.0665453 0.488671 0.113815 -0.365407 0.281984 0.0747506 -0.302427 0.0249694 
-0.134051 -0.0824552 0.027455 -0.0159031 -0.0624317 0.135003 -0.0191449 0.251097 -0.0408045 0.317914 0.028542 0.0379834 0.0421058 -0.45059 -0.145292 0.0907595 0.161534 -0.496064 0.0980852 0.0741351 -0.220386 -0.102197 0.373138 0.196082 -0.159871 
-0.0160083 0.0739342 0.0939778 -0.118637 -0.0713754 -0.146877 -0.16991 -0.046878 -0.00394494 0.188323 0.0875033 0.104206 -0.159702 0.225348 0.0730716 0.302582 0.315766 -0.456818 -0.228748 -0.0664111 -0.254446 -0.25499 0.424068 0.0709975 0.0818188 
0.148638 0.194792 0.00779495 0.0664235 -0.0614551 -0.0517576 -0.538604 -0.0251076 -0.0364146 -0.0683867 -0.0617304 0.221831 0.14888 -0.32122 0.0337963 0.182908 -0.0532334 -0.247156 0.423226 0.0323342 -0.280311 0.137141 0.192904 -0.198303 0.036595 
0.164472 0.0559772 0.0814108 -0.0959069 -0.132734 0.127156 -0.280942 0.176697 0.0114154 0.0914993 -0.0567468 -0.460797 0.0810717 0.166135 -0.0589455 -0.273055 0.335179 -0.186465 0.037777 0.0293487 0.451523 0.119561 -0.209722 -0.248836 0.0177593 
0.0930648 -0.061149 0.0613955 0.0204469 0.0104544 0.15158 0.191764 -0.1733 0.0357551 -0.0580799 0.016452 -0.200349 -0.193469 0.0424323 0.0538194 -0.35752 0.266005 -0.560019 0.121774 -0.00316747 0.00506245 0.24766 0.45444 -0.0946462 -0.0495532 
0.103447 0.0281943 -0.138138 0.0666345 -0.0729325 0.0999194 -0.225396 0.196926 0.00865228 0.0402524 -0.0244413 -0.0544105 -0.0492951 0.164368 0.0128675 0.429954 0.308362 0.308349 -0.222234 -0.00321191 -0.448836 -0.180481 -0.340689 0.220549 -0.0454632 
0.119054 0.0816424 -0.0407405 0.0695987 0.143686 -0.0824068 -0.0605601 0.0511602 0.0362724 -0.231236 -0.0992968 -0.00498595 0.0870947 0.1167 -0.0347019 -0.177695 0.270963 -0.393924 -0.275402 0.0607463 0.359919 -0.45 0.27315 0.322016 -0.0424457 
-0.230459 -0.0229112 -0.0490916 -0.124158 -0.0523608 -0.0361122 -0.21866 0.431141 0.016036 -0.0859539 0.00125954 0.0116366 -0.219324 0.11522 0.0817449 -0.198512 0.663527 -0.10012 -0.0586449 -0.103123 0.136623 -0.2873 0.0853906 -0.0350898 0.0381129 
-0.006516 -0.0262963 0.353792 -0.0387515 0.143756 -0.0500716 -0.082921 -0.353064 0.00692745 -0.166432 0.0178975 -0.0718107 0.135113 0.00942501 0.0411209 0.14765 0.163904 0.0710849 0.0662981 0.143712 -0.170703 -0.000529776 -0.0516729 0.296795 -0.68262 
0.0338397 -0.115999 0.023983 0.0353152 0.086466 -0.0452752 0.114234 0.19209 -0.0516888 -0.0940616 -0.0926151 0.184766 -0.311754 -0.249286 0.0238753 0.603999 0.0152425 0.015665 0.145218 -0.0929566 -0.155098 -0.319736 0.362742 -0.237245 0.0280676 
0.333572 0.00584372 -0.3499 -0.0149241 -0.402084 -0.193682 0.521471 0.250748 0.000930417 0.0892542 -0.0130377 -0.135411 0.0613175 0.245817 0.0906337 0.0978872 -0.188548 -0.110457 -0.00488002 0.0123943 -0.130095 0.0744937 -0.140631 -0.135216 -0.123021 
0.00514467 0.031071 -0.557852 0.103559 0.229088 0.0277246 -0.0696686 0.350118 0.00092855 0.0158276 0.0429715 0.0877911 0.150394 -0.155703 0.00648519 -0.153953 -0.0772547 -0.398116 0.343294 -0.0196832 0.177645 -0.0190063 0.27053 -0.138701 -0.0945602 
-0.0716483 0.0404913 0.138854 0.00156511 0.0956961 0.00948474 -0.0510589 -0.401769 0.0218618 0.121698 -0.0877092 0.105238 0.140315 0.0942597 -0.0168143 0.334849 -0.0631905 0.537519 0.0332509 -0.0169812 -0.239689 -0.0883829 -0.471437 -0.205218 0.0411328 
0.151191 -0.0860958 0.0354759 0.0342053 0.11015 -0.131975 0.214576 0.0220152 -0.00195857 -0.0484293 0.0377025 -0.396253 -0.126975 0.135808 -0.0309332 0.363195 0.300086 0.162132 -0.294241 -0.117938 -0.569805 -0.0316436 0.038852 -0.00526785 0.137696 
-0.135295 0.11981 -0.114161 -0.0663505 0.068294 0.251838 0.119757 0.0451129 0.0259817 -0.200385 0.00871974 -0.35737 0.132918 0.0373218 0.0535593 0.564511 0.00365991 0.0562602 -0.0978244 -0.0537828 -0.577139 0.0378959 -0.0592053 -0.0228168 0.045049 
0.0390254 0.0116291 0.201592 0.0328118 0.0331729 0.00577136 -0.160457 -0.176507 -0.0219978 -0.111495 0.00368216 0.394052 0.265979 -0.115091 0.0703373 0.0730488 -0.468128 -0.279153 0.365434 -0.218232 -0.109291 0.327332 -0.178384 0.0478504 0.0683489 
0.0500219 0.317528 -0.247381 0.0701691 -0.00620383 -0.0451864 -0.292533 -0.125443 -0.00706818 -0.0243384 0.0873625 0.235897 -0.156296 0.298052 -0.112933 -0.266184 0.406073 0.185513 -0.350246 0.0408587 0.262443 -0.129047 -0.1542 0.10252 -0.151324 
-0.0789028 -0.100603 0.191466 -0.055503 0.023486 0.0319892 -0.245589 -0.200095 -0.00309824 -0.152041 0.110573 0.571645 0.138541 -0.0607457 -0.0247437 0.199882 -0.0723728 0.130523 0.247267 0.0869086 -0.257053 -0.0827374 -0.495396 -0.0813692 0.0218805 
Model_F: 6
21 22 23 24 31 32 
Model_Training_Feature_Hex: 144, 6
0 -2.52351 -0.703283 -3.25951 -0.950735 -1.45344 -1.49712 
0 -2.72385 -1.15126 -2.02164 -0.722162 -1.21104 -1.39538 
0 -2.20996 -0.616575 -2.37537 -1.35664 -1.1935 -1.55886 
0 -1.93012 -1.32385 -2.08441 -0.767053 -1.37934 -1.66316 
0 -2.31906 -1.91274 -2.11 -0.457726 -1.73697 -1.07172 
0 -1.60094 -1.29521 -2.21151 -0.879676 -1.11527 -1.23465 
0 -1.97054 -2.01391 -2.50207 -0.438137 -1.41587 -1.04404 
0 -2.41355 -1.63575 -2.49465 -0.457013 -1.00542 -1.27048 
0 -2.31913 -1.42158 -1.95481 -0.656396 -1.5501 -1.56249 
0 -1.39228 -1.4397 -2.7415 -0.798464 -1.21112 -1.59251 
0 -1.9714 -1.72543 -2.24212 -0.550937 -2.11335 -1.39114 
0 -2.23579 -1.40563 -1.97879 -0.674046 -1.10062 -1.619 
0 -2.52351 -0.703283 -3.25951 -0.950735 -1.45344 -1.49712 
0 -2.72385 -1.15126 -2.02164 -0.722162 -1.21104 -1.39538 
0 -2.20996 -0.616575 -2.37537 -1.35664 -1.1935 -1.55886 
0 -1.93012 -1.32385 -2.08441 -0.767053 -1.37934 -1.66316 
0 -2.31906 -1.91274 -2.11 -0.457726 -1.73697 -1.07172 
0 -1.60094 -1.29521 -2.21151 -0.879676 -1.11527 -1.23465 
0 -1.97054 -2.01391 -2.50207 -0.438137 -1.41587 -1.04404 
0 -2.41355 -1.63575 -2.49465 -0.457013 -1.00542 -1.27048 
0 -2.31913 -1.42158 -1.95481 -0.656396 -1.5501 -1.56249 
0 -1.39228 -1.4397 -2.7415 -0.798464 -1.21112 -1.59251 
0 -1.9714 -1.72543 -2.24212 -0.550937 -2.11335 -1.39114 
0 -2.23579 -1.40563 -1.97879 -0.674046 -1.10062 -1.619 
0 -2.28069 -0.76504 -2.17161 -1.1442 -1.058 -1.61529 
0 -1.70263 -1.1638 -1.90389 -1.03139 -1.08874 -1.35813 
0 -2.2433 -0.916437 -2.76544 -0.841641 -0.856696 -2.14172 
0 -2.14186 -1.05837 -2.01187 -0.911794 -0.769706 -1.56206 
0 -2.1587 -1.37746 -1.83804 -0.748285 -1.02738 -1.60014 
0 -2.04561 -1.28806 -2.39672 -0.685422 -1.52763 -0.996727 
0 -1.32012 -1.26307 -2.21904 -1.0747 -1.08467 -1.18419 
0 -2.50745 -1.59206 -1.82613 -0.590623 -1.72978 -0.981434 
0 -2.17125 -1.66274 -1.39301 -0.802919 -0.917674 -1.67313 
0 -1.79949 -1.49638 -1.6203 -0.884701 -1.54413 -0.809018 
0 -1.82058 -1.74546 -2.45077 -0.549432 -0.956657 -1.51566 
0 -2.09894 -1.33057 -2.63311 -0.613905 -0.930001 -1.86135 
0 -2.52144 -0.770424 -1.7986 -1.23337 -0.870349 -1.00061 
0 -2.20028 -1.44237 -1.98219 -0.663402 -1.27962 -1.35938 
0 -2.00952 -1.04977 -2.31741 -0.873713 -1.92439 -0.736377 
0 -1.83804 -2.0206 -1.55848 -0.697477 -1.67457 -1.32366 
0 -1.82976 -1.30377 -1.28917 -1.22915 -0.652419 -1.42426 
0 -2.16663 -1.97189 -1.6247 -0.599162 -1.04644 -1.40901 
0 -2.39017 -1.44907 -1.89233 -0.648407 -1.57579 -1.10625 
0 -3.10787 -1.6494 -1.85375 -0.500066 -0.827011 -1.34878 
0 -2.07762 -1.92787 -1.56882 -0.651958 -1.28016 -1.07635 
0 -1.82771 -1.8448 -2.57752 -0.502197 -1.50051 -0.959137 
0 -1.9731 -1.50211 -1.97913 -0.692893 -1.19199 -1.36303 
0 -2.56299 -2.2147 -1.96551 -0.395037 -1.08295 -1.04765 
1 -0.960665 -1.33605 -1.46858 -2.08563 -0.885992 -1.89187 
1 -1.65298 -1.55763 -1.49762 -0.982893 -0.788651 -1.81314 
1 -1.51582 -1.57361 -1.35641 -1.15362 -0.522813 -1.93654 
1 -1.36143 -1.41972 -1.39175 -1.37324 -1.14888 -1.80753 
1 -1.59428 -1.5791 -1.10327 -1.35092 -0.959316 -1.89465 
1 -1.48115 -1.51781 -1.61992 -1.03418 -0.99315 -1.69502 
1 -0.750447 -2.7665 -1.89538 -1.15613 -1.23587 -2.93712 
1 -1.12102 -2.11632 -1.2296 -1.34258 -0.805308 -1.75302 
1 -1.40205 -2.13368 -1.21671 -1.08086 -0.773159 -2.25613 
1 -1.48158 -1.68342 -2.27932 -0.724369 -0.813925 -2.20896 
1 -0.660812 -2.32706 -1.96504 -1.40309 -0.848162 -2.11013 
1 -0.84921 -2.0308 -1.66201 -1.38126 -0.597545 -2.41697 
1 -0.960665 -1.33605 -1.46858 -2.08563 -0.885992 -1.89187 
1 -1.65298 -1.55763 -1.49762 -0.982893 -0.788651 -1.81314 
1 -1.51582 -1.57361 -1.35641 -1.15362 -0.522813 -1.93654 
1 -1.36143 -1.41972 -1.39175 -1.37324 -1.14888 -1.80753 
1 -1.59428 -1.5791 -1.10327 -1.35092 -0.959316 -1.89465 
1 -1.48115 -1.51781 -1.61992 -1.03418 -0.99315 -1.69502 
1 -0.750447 -2.7665 -1.89538 -1.15613 -1.23587 -2.93712 
1 -1.12102 -2.11632 -1.2296 -1.34258 -0.805308 -1.75302 
1 -1.40205 -2.13368 -1.21671 -1.08086 -0.773159 -2.25613 
1 -1.48158 -1.68342 -2.27932 -0.724369 -0.813925 -2.20896 
1 -0.660812 -2.32706 -1.96504 -1.40309 -0.848162 -2.11013 
1 -0.84921 -2.0308 -1.66201 -1.38126 -0.597545 -2.41697 
1 -3.05935 -0.719416 -2.76537 -0.908589 -1.08219 -1.21128 
1 -1.68023 -1.11523 -1.40982 -1.4203 -1.06636 -1.61207 
1 -1.13334 -1.60095 -1.71814 -1.21423 -0.895056 -1.4779 
1 -1.63631 -1.5678 -2.00576 -0.77167 -1.17595 -1.54107 
1 -1.56013 -1.61588 -2.09034 -0.760287 -0.905078 -1.76802 
1 -1.65241 -2.02689 -1.33068 -0.885835 -1.1718 -1.61265 
1 -1.41197 -1.12175 -1.84014 -1.30257 -0.829762 -1.90706 
1 -1.48602 -1.60475 -1.55244 -1.01872 -1.59242 -1.31331 
1 -1.98252 -1.12172 -1.84204 -0.972689 -0.760991 -1.92587 
1 -1.56813 -2.20768 -1.72081 -0.687784 -1.05086 -1.49835 
1 -1.2974 -2.12511 -1.59988 -0.902837 -0.867277 -1.78846 
1 -1.44303 -1.6767 -1.22764 -1.25943 -0.887549 -1.44588 
1 -1.66785 -0.911802 -1.4986 -1.68144 -0.625791 -2.16624 
1 -1.64229 -1.35932 -1.68277 -1.01123 -1.35729 -1.25277 
1 -2.56372 -1.22842 -1.63021 -0.83393 -1.08116 -1.38258 
1 -1.40079 -1.49599 -1.11644 -1.59886 -0.841291 -1.90244 
1 -1.87063 -1.53898 -1.31056 -1.01693 -1.183 -1.85542 
1 -1.31636 -1.97068 -1.42307 -1.04539 -0.832218 -1.59353 
1 -0.908275 -2.00179 -1.52198 -1.41302 -1.16544 -1.11947 
1 -1.89977 -1.93481 -0.827617 -1.31358 -0.829885 -1.57471 
1 -2.07743 -2.10354 -1.5504 -0.615149 -1.002 -1.30035 
1 -2.18676 -1.95207 -1.08735 -0.894941 -1.28537 -1.47618 
1 -1.66401 -2.54292 -1.35038 -0.74899 -0.939185 -1.39863 
1 -1.74093 -2.09045 -1.09209 -1.0065 -1.18571 -0.986579 
1 -1.9926 -1.09238 -1.51936 -1.17315 -1.08528 -2.21542 
1 -2.65811 -0.979693 -2.28669 -0.792103 -0.766927 -1.58137 
1 -1.26251 -2.34983 -1.71099 -0.818748 -0.999162 -1.86913 
1 -1.32757 -2.0803 -1.47369 -0.965198 -1.021 -1.72803 
1 -1.61407 -2.08118 -1.9527 -0.62689 -0.836642 -1.75376 
1 -0.914406 -1.87028 -1.63176 -1.38798 -1.07395 -2.10004 
1 -1.70628 -1.60218 -1.90498 -0.758907 -0.83016 -2.16957 
1 -0.738561 -3.27327 -1.48448 -1.35597 -0.742109 -2.12719 
1 -1.17865 -2.34658 -1.67816 -0.891855 -1.12008 -2.3115 
1 -0.870587 -2.44302 -1.60753 -1.22413 -0.689798 -2.10373 
1 -1.24429 -1.87357 -1.07773 -1.52366 -0.788743 -1.61616 
1 -1.58491 -1.42754 -1.47738 -1.1181 -0.691412 -2.18613 
1 -1.9926 -1.09238 -1.51936 -1.17315 -1.08528 -2.21542 
1 -2.65811 -0.979693 -2.28669 -0.792103 -0.766927 -1.58137 
1 -1.26251 -2.34983 -1.71099 -0.818748 -0.999162 -1.86913 
1 -1.32757 -2.0803 -1.47369 -0.965198 -1.021 -1.72803 
1 -1.61407 -2.08118 -1.9527 -0.62689 -0.836642 -1.75376 
1 -0.914406 -1.87028 -1.63176 -1.38798 -1.07395 -2.10004 
1 -1.70628 -1.60218 -1.90498 -0.758907 -0.83016 -2.16957 
1 -0.738561 -3.27327 -1.48448 -1.35597 -0.742109 -2.12719 
1 -1.17865 -2.34658 -1.67816 -0.891855 -1.12008 -2.3115 
1 -0.870587 -2.44302 -1.60753 -1.22413 -0.689798 -2.10373 
1 -1.24429 -1.87357 -1.07773 -1.52366 -0.788743 -1.61616 
1 -1.58491 -1.42754 -1.47738 -1.1181 -0.691412 -2.18613 
1 -2.00354 -0.825756 -1.8831 -1.29054 -0.590871 -2.04801 
1 -1.79527 -1.66248 -1.35689 -0.949878 -1.04367 -1.99207 
1 -1.38499 -2.39877 -1.56235 -0.800288 -0.936801 -1.65654 
1 -1.33452 -1.37749 -1.54756 -1.30291 -0.870529 -1.4331 
1 -1.11866 -2.59287 -1.83508 -0.823532 -1.15838 -2.48473 
1 -1.56569 -1.92081 -1.30002 -0.988749 -0.785598 -1.64203 
1 -1.5734 -1.67923 -1.85374 -0.799639 -0.968659 -1.73751 
1 -1.68149 -2.17754 -1.61217 -0.690891 -0.735366 -1.4678 
1 -1.48213 -1.68915 -1.61908 -0.941382 -0.686795 -2.05716 
1 -1.38212 -2.18113 -1.75344 -0.770322 -1.15081 -1.75423 
1 -1.8537 -2.36487 -1.86565 -0.51989 -0.704275 -1.74742 
1 -1.97514 -2.45797 -1.12324 -0.797567 -0.926173 -2.00748 
1 -1.33417 -1.22202 -1.72311 -1.33378 -0.797181 -1.51994 
1 -2.18406 -1.36994 -1.41409 -0.941232 -1.10713 -1.90054 
1 -1.87108 -0.975803 -1.33852 -1.57542 -1.16072 -1.42412 
1 -1.97365 -2.01486 -0.813708 -1.25702 -1.00658 -1.29176 
1 -1.71058 -1.70522 -1.02621 -1.27603 -0.732341 -1.98998 
1 -2.13325 -1.33834 -1.81762 -0.783389 -0.737691 -1.29483 
1 -1.32496 -2.12297 -0.939026 -1.49833 -0.797406 -1.49108 
1 -1.80345 -1.82786 -1.35773 -0.874028 -0.663585 -1.41331 
1 -1.44271 -2.48105 -1.41479 -0.827636 -0.682987 -2.23265 
1 -1.35608 -2.5818 -1.33295 -0.90883 -0.967032 -1.17253 
1 -1.60168 -2.67279 -1.53876 -0.664103 -1.18074 -1.3248 
1 -1.31438 -2.01545 -1.27049 -1.14758 -1.46721 -1.08068 
