Sampling_Rate: 250
EEG_Resolution: 0.0627417341
Channel_Order: 40
HEOL,HEOR,Fp1,Fp2,VEOU,VEOL,F7,F3,Fz,F4,F8,FT7,FC3,FCz,FC4,FT8,T7,C3,Cz,C4,T8,TP7,CP3,CPz,CP4,TP8,A1,P7,P3,Pz,P4,P8,A2,O1,Oz,O2,FT9,FT10,PO1,PO2
Channel_Used: 25
F7,F3,Fz,F4,F8,FT7,FC3,FCz,FC4,FT8,T7,C3,Cz,C4,T8,TP7,CP3,CPz,CP4,TP8,P7,P3,Pz,P4,P8
Processing_Start_Sample: 0
Processing_End_Sample: 625
FileterBank: 9
B: 9
0.0286431 -0.218957 0.741473 -1.45357 1.80482 -1.45357 0.741473 -0.218957 0.0286431 
A: 9
1 -7.59592 25.2957 -48.2373 57.6119 -44.1301 21.1718 -5.81652 0.700611 
zi: 8
0.00297968 -0.0182675 0.0401782 -0.0316496 -0.0146236 0.0434294 -0.0285345 0.00648784 
B: 9
0.0286431 -0.214512 0.715927 -1.39135 1.72258 -1.39135 0.715927 -0.214512 0.0286431 
A: 9
1 -7.44173 24.4256 -46.1776 54.9939 -42.2459 20.4436 -5.69845 0.700611 
zi: 8
0.00297968 -0.0178363 0.0386412 -0.0302727 -0.0137966 0.0416219 -0.0278235 0.00648784 
B: 9
0.0286431 -0.207901 0.6789 -1.30252 1.60575 -1.30252 0.6789 -0.207901 0.0286431 
A: 9
1 -7.21239 23.1645 -43.2366 51.2741 -39.5554 19.3881 -5.52284 0.700611 
zi: 8
0.00297968 -0.0171948 0.0364296 -0.0283152 -0.0126364 0.0390289 -0.0267661 0.00648784 
B: 9
0.0286431 -0.199191 0.631884 -1.19204 1.46144 -1.19204 0.631884 -0.199191 0.0286431 
A: 9
1 -6.91023 21.5631 -39.5785 46.6785 -36.2088 18.0479 -5.29146 0.700611 
zi: 8
0.00297968 -0.0163495 0.0336521 -0.025892 -0.0112255 0.035787 -0.0253729 0.00648784 
B: 9
0.0286431 -0.18847 0.576773 -1.06587 1.29803 -1.06587 0.576773 -0.18847 0.0286431 
A: 9
1 -6.53828 19.6861 -35.4 41.4734 -32.3863 16.4769 -5.00664 0.700611 
zi: 8
0.00297968 -0.0153091 0.0304461 -0.0231334 -0.00965353 0.0320688 -0.023658 0.00648784 
B: 9
0.0286431 -0.175845 0.515787 -0.930447 1.12443 -0.930447 0.515787 -0.175845 0.0286431 
A: 9
1 -6.10031 17.6089 -30.914 35.9423 -28.2824 14.7385 -4.67127 0.700611 
zi: 8
0.00297968 -0.0140841 0.026972 -0.0201691 -0.0080024 0.0280759 -0.0216387 0.00648784 
B: 9
0.0286431 -0.161445 0.451384 -0.792177 0.949353 -0.792177 0.451384 -0.161445 0.0286431 
A: 9
1 -5.60074 15.4154 -26.3321 30.3621 -24.0907 12.9027 -4.28873 0.700611 
zi: 8
0.00297968 -0.0126867 0.0234069 -0.0171111 -0.00633114 0.02403 -0.0193354 0.00648784 
B: 9
0.0286431 -0.145414 0.386158 -0.656895 0.78068 -0.656895 0.386158 -0.145414 0.0286431 
A: 9
1 -5.04462 13.1938 -21.8472 24.9838 -19.9878 11.0434 -3.86288 0.700611 
zi: 8
0.00297968 -0.0111311 0.0199367 -0.0140381 -0.00466258 0.0201639 -0.0167712 0.00648784 
B: 9
0.0286431 -0.127915 0.322737 -0.529414 0.625011 -0.529414 0.322737 -0.127915 0.0286431 
A: 9
1 -4.43755 11.0338 -17.6185 20.0179 -16.1191 9.23556 -3.39802 0.700611 
zi: 8
0.00297968 -0.009433 0.016748 -0.0109828 -0.0029729 0.0167105 -0.0139723 0.00648784 
Model_M: 2
Model_TimeSeg: 1, 2
  0.50000000   2.50000000 
CSP_Transform_Bands: 9, 1
CSP_Transform_Matrix_Hex: 25, 25
-0.174226 0.0727391 -0.414935 -0.156632 0.0374691 -0.15365 0.164476 0.230033 0.0174396 0.096054 0.407995 -0.274881 0.0778606 -0.00500178 -0.0143293 -0.0674784 -0.0104141 0.438587 -0.0445408 0.136423 -0.0513336 0.054903 -0.374068 -0.157785 0.129379 
0.0630951 -0.0922202 0.110167 0.0143644 0.0631852 -0.16212 0.0530434 -0.0358488 -0.00306003 -0.0624236 -0.0419344 -0.00611582 0.0590774 0.0679711 -0.0291322 0.540012 0.00134105 0.269656 -0.0989192 0.0013937 -0.447845 0.0957419 -0.550454 0.111326 0.164003 
0.27043 0.0159609 -0.117368 -0.188008 -0.101869 0.0216191 0.13493 0.00494667 0.0331937 0.0687839 -0.100002 -0.173677 -0.0615454 -0.374297 0.17814 -0.213633 -0.411585 -0.0135641 0.196197 -0.165262 0.412938 0.0660271 0.406691 0.0740827 0.00231044 
-0.250572 -0.0324309 0.0615614 -0.0737728 -0.0439032 0.179617 0.172579 0.206337 -0.0126931 0.0754696 -0.0333028 -0.174833 -0.170135 -0.24091 -0.164286 -0.128383 -0.13303 0.540555 0.165974 -0.0266771 0.181905 0.0104091 -0.473651 0.213437 -0.10554 
-0.103665 -0.0151576 0.0950098 -0.0576317 0.0229359 0.136486 0.0225322 -0.182738 0.00739187 0.0141036 -0.0794409 0.00521055 0.0887514 0.0858514 0.0628294 -0.601097 -0.0720486 -0.211108 -0.254896 -0.0560527 0.561692 0.0838207 0.299898 0.0713193 0.0330994 
-0.0665602 0.0757197 -0.101464 0.132149 -0.0633357 0.011637 -0.0552154 0.0849407 -0.0043304 -0.0509696 -0.0351783 0.0932596 0.007096 0.00319748 0.0872582 -0.215971 0.0353024 -0.57685 -0.101147 -0.00828187 0.336492 -0.210027 0.613031 0.0457592 0.0354539 
0.0361271 -0.0571621 0.0559932 -0.0579505 -0.0026329 -0.202166 0.139904 -0.00753403 -0.007268 0.0244889 0.053973 0.005999 -0.0586768 0.0215129 0.0264418 -0.446747 -0.0703619 -0.446952 0.0464435 -0.0198816 0.516321 -0.0149488 0.491938 -0.0588328 -0.0330609 
0.00887272 0.0155932 -0.0329216 0.0150407 0.0170783 -0.0407587 0.0588538 -0.0200979 -0.00294167 -0.043423 -0.127598 0.0381488 -0.0312534 -0.0314669 0.0861822 0.57053 -0.0413894 0.484834 0.00092758 0.0491874 -0.505403 0.00142889 -0.364279 -0.00638975 -0.103178 
-0.022044 0.0368491 0.102872 -0.0465319 -0.0475636 0.0193161 -0.11727 -0.22131 -6.24284e-005 0.0464339 -0.0694731 0.170005 0.198135 -0.064815 -0.0620251 -0.304543 -0.0177368 0.434425 0.0978562 0.0693752 0.408139 -0.00197437 -0.608207 -0.0377219 -0.0525142 
-0.0383286 0.00984671 -0.0414575 0.118394 0.0436415 -0.0338026 0.199982 -0.110446 -0.00280845 0.218365 0.030186 -0.0910204 0.248594 -0.336057 0.100607 0.521454 0.150288 -0.0788048 0.143393 -0.0010554 -0.504775 -0.0570259 -0.269347 0.159644 -0.0914341 
0.153337 -0.388995 0.100664 -0.232542 -0.0239147 0.3956 -0.0486146 0.000402887 0.00481573 0.0803046 -0.403629 -0.0832516 0.178473 -0.0178584 -0.0455613 -0.267036 0.229003 -0.293937 0.144852 0.084391 0.260734 -0.190707 0.211133 0.0254534 0.0559526 
0.0972821 -0.017632 0.0242138 -0.0895063 0.0107319 -0.175925 0.274913 -0.0520024 -0.0116833 0.0337031 -0.0676823 -0.191444 0.0956875 -0.0459618 -0.210119 0.375211 0.197254 -0.412097 -0.23067 0.119125 -0.37221 -0.0272167 0.460797 0.0585693 0.0489672 
0.00473949 0.282177 -0.0690972 0.00965463 0.100889 -0.0158115 -0.375374 0.0424042 -0.0218268 0.101947 -0.0532522 -0.12487 -0.0969536 -0.0123902 -0.138623 0.160874 0.117423 -0.436434 -0.0099864 0.0530301 -0.047255 -0.0627175 0.679636 -0.0246747 -0.0505068 
0.0761873 0.0430383 -0.139741 -0.108013 0.048406 -0.13024 -0.189582 0.230871 -0.010094 0.0140331 0.0538716 0.249831 -0.134203 -0.0378299 0.0232418 -0.613938 0.015702 0.0800208 -0.0856013 -0.0237316 0.594892 -0.0498584 -0.0823007 0.110258 -0.0151496 
0.0241537 -0.0558835 0.088845 0.0195964 -0.0600717 -0.167149 0.00402939 -0.144068 0.00783835 0.0588173 0.211918 -0.0537975 0.00693864 0.374243 -0.0571505 0.229065 0.0566247 0.537189 -0.370815 0.00668335 -0.17303 -0.131206 -0.418967 0.155891 -0.110515 
0.0415055 0.433794 -0.164619 -0.0495582 -0.218173 -0.253816 -0.141116 0.00832575 -0.0365297 0.0929389 -0.0208844 -0.306425 0.153679 0.107076 0.153173 -0.156699 0.449072 -0.108617 0.176867 -0.175823 0.0791616 0.221516 -0.356867 0.0130366 0.0511618 
0.151217 -0.0815428 -0.0242774 0.111447 0.0117903 -0.30489 0.0431487 -0.142818 0.0219952 0.0110239 0.133379 -0.0103972 0.173555 -0.160946 -0.0807954 0.514891 0.125019 -0.13689 0.222687 -0.155861 -0.619079 -0.0129284 -0.00801256 0.0638533 -0.011449 
0.0531956 0.0446908 -0.0095544 0.075995 -0.0184244 -0.0525667 0.054627 -0.00286621 0.00806139 -0.00292171 0.0293922 -0.146336 -0.0657444 0.00530953 0.00700815 -0.658185 0.0922489 0.310523 -0.0692991 0.0761844 0.594729 -0.0279512 -0.230398 0.0110934 0.00462799 
0.049989 0.0907351 -0.114337 -0.0836853 -0.101107 -0.049665 -0.0275642 0.122168 0.0220151 0.0605198 -0.0493947 0.114073 -0.0773766 0.173781 0.0159022 0.392433 -0.168758 -0.509843 -0.226344 0.0843605 -0.414332 0.131516 0.438751 0.035923 -0.035304 
0.0646003 -0.0952633 -0.134989 0.105115 0.0130873 0.119534 0.100318 0.123737 -0.0322834 0.0782702 -0.165411 -0.172482 0.0960265 0.17679 0.0067814 -0.189513 -0.0410705 0.535098 -0.233372 -0.0844116 0.284322 0.107356 -0.577945 -0.0306277 0.00203267 
0.0358944 -0.0780863 0.18874 -0.0140152 -0.0596978 -0.0768968 -0.132285 0.0175983 0.0232613 0.0399635 0.0793845 -0.0699244 -0.0123047 -0.157657 0.123703 0.487011 0.163453 0.460771 -0.0609286 -0.0480624 -0.516957 -0.055654 -0.340396 -0.0680617 0.0528898 
0.0881872 -0.0468413 0.211832 0.159634 -0.0483449 -0.215255 -0.174804 -0.241203 -0.0668536 0.00325859 0.344756 0.205551 0.40653 -0.199123 0.0240063 -0.228863 -0.517111 -0.0897405 0.0576396 0.128766 0.0931223 0.205552 0.0752433 0.0675003 -0.0480186 
0.0144597 0.212302 -0.102314 0.00854539 0.0857868 -0.109132 -0.0610819 -0.0874254 0.0816666 -0.0591142 -0.024562 -0.0985253 0.408145 -0.0439923 -0.0351905 -0.45474 -0.0424089 0.0681608 0.0442635 0.0100542 0.589049 0.0465808 -0.379822 0.0539784 -0.108088 
-0.00270368 0.104526 0.00647255 -0.035166 -0.00207972 -0.0471604 0.0224127 -0.12417 -0.00580013 0.0402185 -0.00776758 0.0988511 0.0430412 0.0548305 -0.00792649 0.31712 -0.106802 0.640198 -0.0536747 -0.0633921 -0.318749 -0.0939937 -0.544024 -0.0407521 0.128263 
-0.0106279 0.114763 0.0503895 -0.22306 0.028166 0.0467986 0.00600015 -0.167341 -0.0358871 -0.162598 0.0565504 -0.300224 0.228411 0.12218 0.135879 0.465656 0.203441 0.230215 -0.0854953 0.0050331 -0.453563 -0.0906854 -0.3902 0.0594091 -0.0921522 
CSP_Transform_Matrix_Hex: 25, 25
-0.0839554 -0.0210588 0.053827 -0.451693 0.163768 0.0849447 -0.171477 -0.0384641 0.0121275 0.00222544 -0.188841 0.152378 0.260379 -0.0885716 -0.0274778 -0.172399 -0.0255259 0.414739 -0.0739001 -0.00297911 0.311717 0.0286806 -0.527804 -0.0267892 0.00995115 
-0.0192347 0.0585676 -0.183809 -0.196466 -0.0278081 0.0222318 0.116666 0.164694 0.0197597 -0.0409251 -0.0705264 -0.201931 -0.00607602 -0.0888754 0.0580123 0.555709 0.140201 0.103911 0.185997 0.0507747 -0.61498 0.0456175 -0.218535 -0.0848951 0.104928 
-0.431078 0.126001 0.0107973 0.137219 -0.00600364 -0.0805607 -0.00827219 0.0297584 -0.00521807 0.00997814 0.178146 0.0539344 0.0196122 0.0875638 -0.00838038 -0.239185 0.00304443 0.512293 -0.157132 0.115866 0.355025 -0.151396 -0.471098 0.00228346 0.0171832 
-0.189222 -0.17379 0.0345687 -0.231842 0.00175502 0.0267703 0.530324 0.148341 0.0106255 0.103693 0.135028 -0.392761 -0.231621 0.0103979 -0.104594 0.117717 0.222999 -0.175805 0.100962 0.00144812 -0.26297 -0.0275419 0.197955 0.114315 -0.316494 
0.188351 -0.133166 0.130421 -0.0842986 -0.018294 -0.146364 -0.190622 -0.125529 0.00508209 0.00940626 -0.00195547 0.400057 0.0996137 -0.016523 0.0622345 -0.294242 -0.160006 0.358364 -0.016219 0.0300694 0.41322 -0.156054 -0.45327 0.15492 -0.0908906 
0.113195 -0.000183704 0.138193 0.0639423 0.0454893 -0.120611 -0.103255 -0.00540646 -0.0103527 -0.0754021 -0.0924367 0.0841554 0.0247143 -0.114203 -0.00332813 0.631907 -0.0467106 0.116136 0.150429 0.0413979 -0.620153 0.144979 -0.221578 0.0505986 -0.0708917 
0.0330084 -0.00452902 -0.0391836 -0.00661335 0.0354089 -0.113191 0.0291789 0.145022 -0.00688959 0.00227196 -0.00801623 0.0499629 -0.247868 -0.0203898 0.0947144 -0.296322 0.0282987 -0.506738 0.0347028 -0.0368802 0.321606 -0.0438885 0.654737 -0.0756987 0.0141883 
-0.200221 -0.0544531 0.165576 -0.0268155 0.0717324 0.0808246 -0.141682 0.0410106 0.0140097 0.00937321 0.242475 0.231325 -0.141028 -0.438331 -0.117823 -0.231587 -0.215118 0.269805 0.517925 -0.0743979 0.0497647 0.121698 -0.294831 -0.0424784 0.0662026 
-0.0380728 -0.0487243 -0.156054 0.0789866 -0.00695191 0.146433 -0.0300245 0.184567 0.00714816 -0.005192 -0.111164 0.0473535 0.00963528 -0.115315 -0.0528401 -0.401014 0.000828337 -0.488957 0.219509 0.0144787 0.459042 -0.0350139 0.458241 -0.0749813 -0.0492868 
0.0830546 -0.077177 -0.0255537 -0.0294951 0.102154 -0.0400767 -0.0790488 0.188086 0.0227802 -0.0232312 0.0562968 0.0362332 -0.135485 0.0690269 -0.176053 -0.483672 -0.0238809 -0.452785 -0.0737731 -0.0181177 0.393909 0.00928871 0.48131 0.0186159 0.19937 
-0.0458931 0.029342 -0.0846778 0.025605 0.0689097 0.0870994 -0.14135 0.102726 0.0126019 -0.00187276 -0.0317265 0.099345 -0.100308 0.0189096 0.0113614 0.605099 0.0487274 0.369576 0.00210345 -0.0887907 -0.545159 -0.0951794 -0.323975 -0.00123388 0.0232253 
-0.115942 0.104937 -0.000314762 -0.0376662 0.00874298 0.213341 -0.128352 -0.00209872 -0.0154149 -0.0231573 -0.0484062 0.0869482 -0.0523577 0.0801322 -0.039196 -0.655495 -0.0948901 0.127327 -0.0410555 0.120816 0.623805 0.1075 -0.131335 -0.0211005 -0.0335679 
0.000556909 -0.207741 0.106298 0.0187347 -0.01773 0.138539 0.0220137 0.0986599 0.0192904 -0.344324 0.184505 -0.081126 -0.0756275 -0.0119434 0.290935 -0.012868 0.225547 0.538923 0.133479 -0.0533792 -0.169315 -0.235107 -0.327585 -0.29204 0.163473 
0.00953453 0.234024 0.0229729 -0.206946 -0.138676 -0.00906591 -0.240945 0.0149854 0.0139447 0.399603 0.0882261 -0.152926 0.0131548 -0.201347 -0.0579329 -0.275667 0.33893 -0.0836916 0.175497 -0.0388911 0.459587 -0.34911 0.153443 0.0373426 -0.0293079 
0.127661 -0.0713774 -0.00893699 0.0505497 0.06636 -0.193981 0.251387 -0.0774551 0.00848479 0.0739404 -0.00632822 -0.152125 0.00427957 -0.0469866 -0.183045 0.119841 0.121816 0.583897 0.150018 0.153629 -0.0743617 -0.0383788 -0.577347 -0.205656 0.0377114 
-0.00103175 0.154042 0.127588 -0.0927788 -0.125443 -0.0962797 -0.172846 -0.0150783 -0.0216831 -0.0688858 -0.0118544 0.205786 -0.139547 0.0093498 -0.0457885 0.490286 -0.170579 -0.294983 0.2728 -0.0343332 -0.351412 -0.00540755 0.399576 -0.325949 0.0734846 
0.0198133 -0.0272339 0.0708628 -0.0629897 0.0163342 -0.20415 0.0154056 -0.340435 0.0338365 -0.0369857 0.167077 0.215824 0.302894 0.0780022 -0.0324011 0.0346665 -0.306608 -0.547528 -0.0493767 -0.0139378 -0.0674836 0.232498 0.446681 0.0119013 0.00287829 
-0.0217511 -0.246924 0.367184 -0.0121505 -0.0620352 0.156765 -0.161393 -0.151951 0.00848172 0.0323894 -0.0206034 0.039489 0.0425448 -0.0533423 -0.128095 0.389462 0.201891 -0.337515 0.0523604 0.279213 -0.43463 -0.14116 0.308794 -0.0467892 -0.0917806 
-0.185846 0.00763917 0.156645 0.00855226 -0.0607664 0.195394 0.230755 -0.308849 -0.0282995 0.0909794 -0.130596 -0.0813624 0.215734 0.115397 -0.0633558 0.396806 0.21796 -0.201853 -0.253047 -0.0772109 -0.456072 -0.15452 0.0508435 0.123073 0.297237 
-0.120502 -0.117127 0.11619 0.037845 0.0851095 0.215672 0.0822401 -0.191935 -0.00626808 0.112343 0.00997914 0.0486421 0.226342 -0.13869 0.0975467 0.424607 -0.362855 -0.0567892 0.214935 -0.0678895 -0.512425 0.274873 -0.0386086 -0.21867 0.104563 
-0.0414297 -0.484959 0.317979 -0.0124332 -0.131503 0.153996 0.409224 -0.00420745 0.0264984 0.00533211 -0.17057 -0.0707093 -0.247529 0.0394944 0.0721087 -0.152 -0.185776 0.378691 -0.0712225 -0.136773 0.290543 0.0584481 -0.183883 0.0408677 0.0486893 
0.132322 -0.149056 -0.285622 -0.0110182 -0.276563 -0.152115 -0.0853859 0.552508 -0.0396261 0.356194 0.181474 0.182625 -0.179108 0.0660749 -0.0410235 0.0120857 -0.199208 0.139832 -0.12427 0.00133875 -0.199455 0.263189 -0.175977 -0.0585234 0.123536 
-0.069446 0.351878 -0.150625 0.100206 -0.16898 0.121722 -0.234694 0.0193351 0.183356 0.146035 -0.119373 0.355146 -0.346181 -0.0662453 -0.0232805 -0.020723 -0.345598 0.479663 -0.171574 0.155597 -0.0914459 0.0455206 0.0246822 -0.0711825 -0.00235001 
0.0336435 0.0815993 0.162981 0.0375777 -0.0663918 -0.0258376 -0.172181 -0.285833 -0.00107651 0.0589153 -0.0450619 0.00225038 0.243411 -0.0187761 0.0901375 -0.37301 0.151138 0.391056 0.128847 -0.196469 0.28179 0.0433608 -0.555379 -0.0885346 0.0830905 
0.00722425 0.0867326 -0.0500832 0.0902946 -0.0702974 -0.0859592 0.0832772 0.0682807 0.137604 -0.116704 0.0539631 -0.327541 0.33632 -0.222226 0.253506 -0.000512761 0.240939 -0.637919 0.15623 -0.0723896 0.0858703 0.223528 -0.120194 0.105564 -0.103705 
CSP_Transform_Matrix_Hex: 25, 25
-0.0889774 0.0769439 0.108431 0.150987 0.00401195 0.322341 -0.035337 -0.172681 -0.0342057 -0.057419 -0.234215 -0.117584 0.11976 -0.108937 0.107187 0.207575 0.0501409 0.472799 0.239891 -0.0634064 -0.225613 0.0858308 -0.518102 -0.212334 0.0572739 
-0.241282 0.00578555 0.329982 0.113314 0.0426415 0.0532531 -0.138149 -0.188171 -0.0199915 0.0218654 0.0848277 0.241974 -0.0880805 -0.0267265 -0.20158 0.279384 -0.335244 -0.130893 0.0738078 0.0588728 -0.325693 0.168727 0.307409 -0.289131 0.340601 
0.134639 0.376812 -0.634713 -0.150113 0.108822 0.0251559 -0.129585 0.182603 0.0293078 0.00327576 -0.0688031 -0.113978 0.25755 -0.0183203 -0.0129758 0.255063 0.0432309 -0.0942419 -0.0681464 0.0403224 -0.298784 -0.0043942 0.0438169 -0.105844 0.286283 
-0.0575166 -0.159775 0.502885 -0.125757 0.161475 0.177078 -0.0836526 -0.350624 0.0636749 -0.123487 0.00280044 0.0492507 0.0985047 -0.160248 0.0269205 -0.137502 -0.0295116 0.416714 0.00348218 0.15907 0.0817177 -0.00386158 -0.449217 0.169692 -0.0348995 
-0.0435189 0.0203798 0.0434468 0.0747694 -0.0950121 -0.0546035 0.276998 -0.0586625 -0.0246016 -0.0468971 0.0678343 -0.311753 -0.0575909 0.0992419 0.0808074 0.564085 0.202292 0.187528 0.0188292 0.0563922 -0.577065 -0.135532 -0.120636 -0.0989616 0.0144473 
-0.303932 -0.00824566 -0.211719 0.240472 0.0387208 0.221598 0.0835207 0.0254021 0.0212502 0.088792 0.0727325 0.128238 0.0655451 0.0478431 0.112353 -0.49853 -0.222317 0.0545636 -0.288367 0.117745 0.538987 0.0388985 0.0590502 -0.000823227 -0.0627632 
-0.253159 0.0532214 -0.274191 0.0279156 0.0424121 -0.0156709 0.303485 0.306093 0.0101161 0.188327 -0.0667482 -0.113152 -0.352366 -0.0995622 -0.132937 -0.11173 0.189398 0.402709 0.290959 0.0918608 0.0605797 0.0160174 -0.387084 -0.0786296 0.0336764 
0.0202806 0.0404951 0.0450263 0.0393631 -0.0495796 0.0687987 -0.0717562 -0.0982537 0.00140868 0.108434 -0.0829764 0.0861992 -0.0668067 0.112428 -0.0429784 0.0382896 0.0180345 -0.61676 -0.160458 0.0117362 0.0302757 -0.125336 0.702539 0.0929629 -0.0213335 
-0.157719 -0.110511 0.204117 -0.260931 0.0381653 0.0440854 0.355914 -0.267887 -0.0792203 -0.0041373 -0.0463728 -0.297685 0.246086 0.308103 -0.112419 -0.213725 0.229384 -0.26729 -0.344722 0.20583 0.151335 0.0144501 0.175753 -0.0129687 -0.0321765 
0.106129 -0.0507063 0.0567588 0.0468299 -0.0112778 0.0103325 -0.23374 -0.104521 0.0078303 -0.177961 -0.0502879 0.345137 0.0930592 0.20783 0.01804 0.124643 -0.214029 0.502247 -0.145144 0.0867161 -0.116892 0.0775003 -0.5882 -0.0130352 0.03737 
-0.0498042 -0.094406 0.0986175 0.053608 -0.125041 0.158029 -0.0496492 -0.204143 0.00478448 -0.0251225 0.0338649 -0.0481532 0.37762 -0.0764714 -0.0794479 -0.567111 0.102585 -0.352794 0.158588 0.080785 0.480873 0.0144464 0.108443 0.00428228 -0.029662 
0.389089 -0.138989 0.072237 0.0534016 0.236107 -0.304268 0.299926 -0.327798 0.00493385 -0.11626 0.0274562 -0.0719946 -0.121547 0.0188578 -0.239451 -0.061969 -0.117571 -0.108275 0.095579 0.389943 0.0165546 0.126751 0.328474 -0.189522 -0.181148 
-0.0361313 -0.0728065 0.0971924 -0.0796941 0.0327619 0.0922957 -0.107917 -0.18208 -0.0251247 0.146022 0.0053618 0.0562055 0.200356 -0.0162173 -0.0823066 0.00640124 -0.00598354 0.602536 0.00854095 0.0143077 0.0356792 -0.101182 -0.689603 0.0199165 -0.00453415 
0.0645581 -0.116214 0.19502 0.151672 -0.0492095 -0.176872 0.303039 -0.43474 0.0258286 0.00109873 0.00472193 -0.139968 0.337327 0.0708281 0.0742728 -0.34532 0.00885578 0.120768 -0.308525 -0.0684781 0.280277 0.0605791 -0.278096 0.262185 0.00767037 
0.0338975 -0.101109 0.0199688 -0.0234647 -0.0413139 0.0965497 0.0224131 0.26581 -0.0512594 0.0153798 0.0984047 0.0795007 -0.612843 0.0490952 0.036816 -0.302817 0.184242 0.432108 -0.108621 -0.150391 0.103281 -0.309009 0.0382439 -0.0477877 0.224959 
0.0630752 -0.146501 0.124631 -0.0467091 0.0415378 -0.0606338 0.0294969 -0.259967 -0.00771451 0.0589065 0.102713 0.138169 0.2358 -0.0287091 0.1819 0.121529 -0.25084 -0.452961 0.213822 -0.285145 -0.28832 0.278827 0.306293 -0.218508 0.219045 
-0.0909225 -0.0458554 -0.0622861 -0.0320075 0.0236499 0.1538 0.13694 0.118724 -0.0405755 -0.0779908 0.00898803 -0.112532 -0.127774 0.202263 0.0824474 -0.535673 -0.148285 -0.304644 -0.268454 -0.0500143 0.440532 0.255098 0.244785 0.21694 -0.0268333 
0.0397777 -0.0521083 0.0665087 -0.06818 -0.0243591 -0.0497811 -0.064226 0.0537922 -0.024439 -0.0245835 -0.0213793 0.028238 0.0376731 -0.18191 0.0907984 0.605459 0.0930424 -0.369192 0.167436 0.0338366 -0.577795 -0.0103033 0.227365 0.0279401 -0.0646649 
0.0399783 -0.0459579 0.0755018 -0.0181689 -0.065137 -0.00430374 0.13579 -0.216728 -0.0147453 0.106991 -0.00403913 0.00562639 0.195673 0.00839581 -0.0604949 0.413099 -0.197776 0.416973 -0.0553292 0.0178228 -0.429919 0.170211 -0.508498 0.0803192 -0.0319693 
0.101017 -0.0255567 -0.0833872 0.0709099 0.0271478 -0.05631 -0.0602988 0.195357 -0.0561422 0.0484954 0.00336019 0.050826 -0.0572107 -0.0443488 -0.0270507 -0.615921 -0.0591067 -0.259288 0.0945676 0.0388268 0.627052 0.028154 0.244753 -0.0487582 0.0240963 
0.00188288 -0.128963 -0.121418 0.101384 0.0994956 0.0620037 -0.0106529 0.210699 -0.0196852 -0.0324411 0.0196881 -0.0374775 0.00543098 0.0312508 -0.0607842 0.601946 0.0351065 -0.0843157 -0.0856354 0.0396479 -0.705061 0.0272214 0.0705894 0.0924242 -0.0345867 
-0.258374 0.0938416 -0.0812213 0.0348359 0.280091 0.172004 0.0967398 -0.082018 0.00149371 -0.289462 -0.00335859 0.0989397 0.0704867 -0.128331 -0.024244 0.00519537 -0.221469 -0.564169 0.227888 0.00646005 -0.0081904 0.0513789 0.500561 -0.016095 -0.0634428 
-0.0479224 0.388583 0.0540933 -0.000972354 -0.037283 -0.00874678 -0.528074 -0.270188 -0.0335211 0.0102732 0.0705193 0.395083 0.133981 0.0564073 0.0401084 -0.338082 -0.236679 0.159449 -0.0558575 0.0411562 0.263712 0.0894907 -0.118962 0.0549647 -0.100669 
0.0223153 0.0948541 -0.101169 0.029639 -0.206224 0.107592 -0.103682 0.311936 0.0853815 0.238519 0.0867673 -0.102262 -0.105972 -0.185306 -0.160058 -0.36513 -0.0481893 -0.491824 0.170175 0.234549 0.0406175 0.366449 0.232713 -0.0723271 -0.0839681 
0.0592063 0.260922 -0.107611 0.0628743 0.120927 -0.0983356 -0.14304 -0.1358 -0.0217127 -0.00397413 0.0365161 -0.13005 0.234202 0.0636532 -0.0468688 0.311808 0.336707 0.31343 -0.109399 -0.0235945 -0.298447 -0.107543 -0.576176 0.124079 0.0219984 
CSP_Transform_Matrix_Hex: 25, 25
0.0113469 0.0941753 -0.0283372 0.0597892 -0.0522977 0.0253879 -0.163284 -0.073193 0.0520984 0.00884172 0.0127507 0.170069 -0.00729025 0.126755 -0.0935243 -0.5148 -0.0878356 0.334992 -0.153062 -0.0109096 0.410614 0.036868 -0.287078 -0.161986 0.455373 
0.214663 -0.0411023 0.335178 -0.265579 -0.0958458 -0.068082 -0.252584 0.013492 0.00391587 -0.0949953 0.0486105 -0.026175 -0.067427 -0.124074 0.112513 0.407829 0.229577 0.25963 0.136624 0.0407345 -0.447302 -0.0335662 -0.3633 -0.0579597 0.059569 
-0.0153496 0.00244289 -0.268204 -0.213496 -0.0110762 -0.0070647 0.172863 0.310789 -0.00285747 0.186826 -0.00501339 -0.287942 -0.016708 -0.0861088 -0.00896866 0.383657 0.26404 0.244414 0.0138575 -0.134595 -0.448647 -0.00331554 -0.342681 0.104679 0.0730697 
0.0907849 -0.0361598 0.213147 -0.110888 -0.0316623 -0.137374 -0.228258 -0.0765662 -0.0258619 0.0856327 0.0299356 0.325752 -0.0810996 -0.0712322 -0.135153 -0.310065 -0.245754 0.456943 0.0757201 0.0029198 0.311224 0.0912497 -0.468362 0.0941047 -0.0739956 
-0.274763 0.0514868 0.249179 -0.15854 -0.0143497 0.111946 -0.18937 -0.227792 -0.0875468 0.237146 0.0109202 0.153727 0.188156 -0.084447 -0.0326073 -0.433478 -0.0579376 -0.269525 0.141869 0.0761601 0.407956 0.0514524 0.27098 -0.254463 0.0761704 
0.122807 -0.0376459 -0.439561 -0.111821 -0.375521 -0.108262 -0.0495052 0.486422 0.00567952 0.0540882 0.0444445 0.182535 -0.148621 0.0583361 0.0800885 -0.124685 -0.129624 -0.295006 0.0642758 0.0746572 0.0979018 0.142006 0.312999 -0.214587 -0.113943 
0.0328375 -0.193537 0.0338147 0.172803 -0.106024 0.167377 -0.350372 0.286715 0.00568698 0.202802 -0.0344861 0.19503 -0.115108 -0.218942 -0.0842227 0.332194 0.145133 -0.355939 0.181142 -0.00154655 -0.366142 -0.0741945 0.326935 0.000161803 0.0140358 
-0.0347548 -0.0476993 0.097844 -0.0377895 0.0218999 -0.105342 0.0752858 -0.151562 0.0562987 -0.0824492 0.0118685 0.0176769 0.168426 -0.00997659 -0.11591 0.26865 -0.101176 -0.621617 -0.0266252 0.174637 -0.304554 0.198931 0.497724 0.0732335 -0.0867987 
-0.0243561 -0.0886242 0.092841 -0.0834624 0.0446385 0.121356 -0.0635783 -0.180754 -0.00649989 -0.146729 -0.0148918 0.233738 0.143888 -0.0752828 0.0280513 -0.453997 -0.287337 -0.335456 0.302137 -0.0484988 0.456304 0.0799843 0.310194 -0.111581 0.02867 
-0.163855 0.0747002 -0.200739 -0.0203855 0.0662457 0.200324 -0.1894 0.430007 0.105356 0.0120962 0.0719194 0.125592 -0.1782 -0.34991 -0.0373252 -0.372793 -0.219776 0.00898004 0.357259 0.0731071 0.290616 0.205432 -0.103654 -0.113712 -0.0558222 
-0.0290523 -0.163229 0.0460388 0.0434318 0.00127144 -0.0696866 0.173725 -0.0107924 -0.022331 0.0450206 0.0278465 0.029965 0.0721651 0.0589472 0.0456346 -0.568557 -0.199973 0.165 -0.192933 0.0148686 0.62961 0.134557 -0.218295 0.163125 -0.0411792 
-0.0961715 -0.0250837 0.08759 -0.0297152 0.048053 0.0911332 0.0167429 -0.201066 -0.00952038 -0.0386655 0.00759324 0.142957 0.118393 0.040693 0.0473417 0.60969 -0.217512 0.116471 -0.0392967 -0.0580208 -0.613436 0.129467 -0.237291 0.0549537 0.018674 
-0.0489587 0.152869 0.0528357 -0.020565 -0.140226 0.119178 -0.260876 -0.193691 -0.0050492 0.0733932 0.0427215 0.103291 0.189148 0.323741 -0.0444468 -0.375194 -0.0178401 -0.0550464 -0.520579 0.0359589 0.399923 -0.0505853 0.0374104 0.28582 -0.0954449 
-0.1154 -0.207842 0.247416 0.0871619 -0.24085 0.102948 0.638407 -0.142493 -0.0258734 0.125244 0.0961759 -0.442017 -0.0870828 -0.170714 -0.033652 -0.149642 -0.000846963 -0.0580892 0.242222 0.0337561 -0.0581729 0.150752 0.0745464 -0.033924 -0.0309604 
-0.0924502 -0.14447 0.163592 0.0240251 -0.115982 -0.00419614 0.224541 0.18663 0.00722207 -0.0135121 -0.0926877 -0.0187201 -0.190531 -0.0237402 0.0108122 0.256874 -0.172162 -0.375002 0.144067 -0.29851 -0.0401134 0.114216 0.526706 -0.351383 0.191588 
0.25226 0.0629201 0.0994721 -0.0384227 -0.192429 -0.286978 0.044558 -0.496173 0.107465 0.416805 0.0676327 0.209798 0.163728 -0.24601 -0.0282676 0.0474818 -0.239667 -0.0306849 0.36105 -0.0253015 0.107723 -0.0517677 0.0154198 -0.159147 0.00138196 
-0.327054 0.030587 0.167693 -0.0169485 -0.344902 0.0413311 -0.0887098 0.241217 0.0888062 -0.0943792 -0.164908 0.230493 -0.349005 -0.0111795 0.212926 -0.00284997 0.285658 0.0402324 0.179746 -0.0642756 0.237632 -0.383474 -0.177451 0.201384 -0.131741 
0.0162627 -0.06348 -0.0766817 -0.0560313 0.0471269 0.0323861 0.128924 0.221732 -0.00895338 0.0152498 -0.0395604 -0.129323 -0.211668 0.00725582 -0.0644251 -0.361099 0.194467 -0.511548 -0.0505503 0.0642723 0.402983 -0.107298 0.48084 0.0777944 -0.0477106 
-0.00101268 -0.0480596 -0.0614281 -0.0181569 0.0190538 -0.0877971 -0.0149459 0.23481 -0.000469081 -0.00452944 0.0731496 0.167062 -0.170249 -0.015002 0.055343 -0.0948126 -0.127317 -0.60064 -0.0627101 -0.10124 0.0594314 -0.0120038 0.673869 0.0461664 0.0674158 
0.161747 0.156594 -0.021784 0.0449781 -0.0509903 -0.0119587 -0.214003 -0.0301405 0.0073548 0.042915 -0.089448 0.235663 -0.0670675 -0.0655734 0.0883005 -0.464312 -0.251357 -0.420826 0.0261034 -0.0843389 0.351354 0.29732 0.369757 0.0555986 -0.00511093 
0.042427 -0.192577 0.0987394 -0.202157 -0.0898822 0.107337 0.343894 -0.00223203 0.05488 0.121581 -0.141592 -0.076875 -0.238547 0.207606 -0.0540399 0.278794 -0.404907 0.342388 -0.411162 0.13345 -0.215669 0.0248551 0.181055 -0.0148705 -0.00714018 
0.0698784 0.113123 -0.181205 0.0258285 -0.104353 0.0668062 -0.106813 0.326976 -0.0594374 0.0510249 -0.0630556 -0.297754 0.222043 -0.241545 0.00371232 0.159192 -0.0274966 -0.620412 0.284047 0.00562999 -0.0787897 0.114435 0.305834 0.0569917 -0.0300481 
-0.0647027 0.111018 0.00143253 0.0159203 0.0621367 -0.000413514 -0.0996914 -0.025755 0.00126091 0.0321507 -0.0325681 0.289496 -0.0516392 -0.621213 -0.0530651 0.290415 -0.171979 0.347236 0.423846 0.104784 -0.149596 -0.133117 -0.13596 -0.0280494 -0.0836137 
-0.117801 -0.0675393 0.260012 -0.0705889 -0.0232841 0.158793 0.0370748 -0.314895 0.106595 -0.0212328 0.0043254 -0.426666 0.118331 -0.164936 0.168529 -0.387692 0.338977 -0.0320312 -0.117369 -0.231911 0.352706 -0.115199 0.195074 0.0949517 0.025722 
0.0396758 -0.0783418 0.0953357 -0.000815934 -0.0145371 -0.000949743 0.00774143 -0.327593 0.0320698 0.022254 -0.0306427 0.107004 0.65317 -0.0959871 -0.0110789 -0.0551999 -0.0942856 0.161161 -0.109668 -0.0028807 0.016117 0.0971044 -0.585631 0.150559 -0.0215433 
CSP_Transform_Matrix_Hex: 25, 25
0.246668 -0.0100582 -0.0843072 -0.692324 -0.115953 -0.0990991 -0.0801961 -0.0869899 -0.0456129 0.270455 0.00315253 0.0697949 0.228325 8.89303e-005 -0.00833147 0.111426 0.0186576 -0.105339 -0.155214 0.0632495 -0.140459 -0.123696 0.0632762 -0.146983 0.412881 
-0.035518 -0.0601767 -0.123824 0.351858 -0.157104 -0.0597544 0.0605895 0.0560533 0.0723183 -0.0257976 0.0149701 0.0658153 -0.12566 0.165159 0.018497 -0.439983 -0.0189053 0.0257988 -0.155924 -0.251349 0.528053 -0.10337 0.029725 -0.123897 0.423319 
-0.167726 -0.0800935 0.225972 0.105625 -0.0721209 0.0203309 0.0842425 -0.0669027 -0.074491 -0.0866436 -0.0176832 0.0336824 -0.000591899 -0.0365099 0.0489849 0.522955 -0.108823 -0.0418363 0.226908 0.0630513 -0.597588 0.182942 0.0539368 -0.345923 0.1101 
-0.165434 0.106668 0.0928943 -0.171679 -0.0614945 -0.00724866 -0.113824 0.0734573 -0.095254 0.0605255 0.0126998 -0.0835809 -0.00185474 0.374688 -0.076284 0.156233 0.158801 0.0274134 -0.632866 0.0170955 -0.162888 -0.0226986 -0.124439 0.486731 -0.0650976 
-0.0144036 -0.0324535 -0.257598 -0.0600869 0.0518645 0.0409616 -0.15528 0.280351 0.0362347 -0.0172863 -0.0122987 0.162374 -0.0401076 -0.0398562 0.00759007 0.601904 -0.16879 -0.121347 -0.0412126 -0.0304496 -0.583398 0.104384 0.1259 0.0487922 -0.112708 
0.248283 0.17623 -0.0627804 0.149667 -0.208897 -0.250853 -0.0567333 0.0552338 0.107153 0.209091 -0.0838384 -0.378108 -0.0884896 0.140127 0.101049 0.28218 0.41249 0.0874522 -0.440048 0.0286961 -0.150406 -0.178111 0.109986 0.0694304 -0.0458279 
-0.0415946 -0.0571721 -0.229042 -0.143664 0.196736 -0.250261 0.523248 0.208737 -0.0295445 -0.101837 0.0377509 -0.404062 -0.245489 0.0447385 0.131519 0.0555027 0.13207 0.173472 0.208498 -0.207906 -0.13426 -0.048708 0.0709596 -0.234734 0.172806 
0.0735398 0.0306318 -0.153261 0.150948 0.0726225 -0.182796 -0.138795 0.0557232 -0.0399455 0.164019 -0.0434567 0.209975 0.168007 -0.198583 -0.0953742 0.584785 -0.0666976 0.0416925 0.262776 0.138808 -0.485356 -0.0117451 -0.247543 0.0185889 -0.0357528 
-0.0948065 -0.0775882 0.142959 -0.0636846 -0.0326814 -0.0267498 -0.0213187 -0.146634 -0.0228958 0.163623 0.00735704 0.291087 0.0427059 0.0311609 0.0587084 -0.552209 -0.315207 -0.064208 -0.0677415 -0.0734452 0.609381 0.155146 0.0601332 0.013643 -0.0286765 
-0.191955 0.000520141 -0.157865 0.055762 0.0960605 0.0621307 0.136867 0.228234 0.0516887 -0.0549917 0.0405064 -0.0620258 -0.148752 -0.162346 0.0837362 -0.140818 0.113308 -0.593911 -0.0644967 0.0159232 0.0957996 -0.0805306 0.563961 0.24224 -0.0482139 
-0.0154801 -0.074449 0.169135 -0.00371085 0.137048 -0.0252413 0.0351479 -0.107845 -0.014009 -0.0284357 0.00706878 -0.0953252 0.0149617 -0.0549648 -0.00993204 0.283135 0.152928 -0.588102 0.0597341 -0.084936 -0.24242 -0.104054 0.618071 -0.0527355 0.0723939 
-0.173399 -0.00921063 -0.104334 -0.228231 -0.00544242 -0.0661095 0.251577 -0.0472515 0.177817 0.084125 0.0966066 -0.0346719 -0.122692 0.128836 -0.253227 -0.118887 0.0424446 -0.477787 -0.0234883 0.370816 0.000480737 0.158479 0.465766 -0.241049 -0.0975318 
-0.108724 0.0548404 0.168386 -0.064473 0.0985785 0.0257683 -0.339941 0.0571416 0.0572705 -0.00792564 -0.0378192 0.254293 -0.134811 -0.238144 -0.021994 -0.0281339 0.0654352 0.552197 0.221891 0.0183179 0.116913 -0.203323 -0.506271 -0.0877425 0.0078892 
-0.041845 0.0656919 -0.311762 -0.00902387 -0.115708 0.0514494 0.394439 0.0694149 0.0225441 0.381771 -0.0341362 -0.415507 0.32512 -0.254048 -0.115263 0.205118 0.0650282 -0.0162404 0.098042 -0.0672708 -0.314192 0.13928 -0.179963 -0.0676095 0.0290934 
-0.0435416 0.0710325 -0.258248 0.0959976 0.198634 0.204172 -0.0323443 -0.0631038 -0.0842389 -0.0293051 -0.0624484 -0.0341532 0.117723 0.523873 0.050348 0.152828 0.274859 0.0142308 -0.540001 -0.0709881 -0.237907 -0.224557 -0.0486278 0.0618241 0.134775 
0.102266 0.0802884 0.0711385 -0.0223806 0.150645 -0.122521 -0.0175394 -0.344764 0.0387603 -0.244648 -0.0561238 0.128833 0.308669 0.0468738 0.0442961 0.380402 -0.121638 0.253734 -0.12071 -0.0708693 -0.357334 0.154553 -0.475108 0.137568 0.0204051 
0.0318062 -0.019342 -0.109063 -0.013747 0.0195558 0.0105219 -0.0280929 0.279975 0.000773065 -0.0279539 -0.0583155 0.00741797 -0.195325 -0.0204799 -0.0275822 -0.44282 -0.02032 -0.450036 0.0208181 0.0242661 0.42602 0.0475257 0.527998 -0.0186148 0.0188757 
0.120049 0.0924641 0.0212954 0.0676797 0.00877735 -0.0509401 -0.386231 -0.035993 0.0213572 0.0351253 0.108245 0.449672 0.0490176 -0.0450298 0.0137273 -0.221693 -0.440695 -0.304283 0.0478036 -0.0648636 -0.0831296 0.37011 0.267006 -0.0953926 0.178629 
-0.00541608 0.14173 -0.118274 0.0438935 0.0956565 -0.0341931 -0.138356 -0.046982 -0.0291814 -0.0783828 -0.0049747 0.194817 0.0638193 0.0670202 -0.0250392 -0.44507 -0.234414 -0.311583 -0.0602929 0.0609114 0.57167 -0.0291362 0.432684 -0.0599614 -0.04691 
-0.188999 0.040704 0.114817 -0.0316224 0.0281723 0.241887 -0.0635009 -0.297979 0.0750328 -0.00358984 -0.035985 0.103874 0.229506 -0.0542966 0.00572315 0.338624 -0.428041 0.39202 0.0913914 -0.0239289 -0.299551 0.209822 -0.298587 -0.146597 0.134315 
-0.0373046 0.101733 -0.206291 0.0582789 0.196071 0.0714507 -0.136019 0.16913 -0.0532046 0.026453 0.0424059 -0.233431 0.0659168 -0.12011 -0.0312465 -0.448772 0.286609 0.318048 0.112837 0.0204948 0.332457 0.12485 -0.491884 -0.0669276 0.041133 
0.0344393 0.184 -0.0714051 -0.0751668 -0.0677039 0.037075 -0.275325 0.165199 -0.00203795 -0.012297 -0.0250828 0.0763515 -0.137939 -0.176055 0.0764401 0.168254 0.0432921 -0.551607 0.487589 -0.0970699 -0.154363 0.0670878 0.3735 -0.181879 0.012057 
0.0241807 0.00258929 -0.177122 0.000259154 0.0687889 -0.0129992 0.139689 0.444498 -0.0220172 0.0434346 0.0138806 -0.00477183 -0.562594 -0.00979923 -0.014228 0.429993 -0.0884385 0.257158 0.0354612 -0.0394597 -0.362457 -0.0367552 0.0450884 -0.141434 0.101109 
0.025439 -0.166009 0.0869364 0.0613603 0.110136 0.0649851 0.31448 -0.0839174 -0.00149029 -0.0851103 -0.00129665 -0.361695 0.376675 0.0103438 -0.0063468 -0.243827 -0.17219 -0.244894 -0.0393608 0.133959 0.211151 0.371862 -0.346878 0.239804 -0.169736 
0.0610657 -0.0154985 0.425035 0.0202153 0.0294796 0.00069946 0.158496 -0.617804 -0.0347134 0.0880406 -0.0484282 0.0166899 -0.210578 0.133319 -0.081942 -0.0029168 -0.21406 0.449027 -0.190008 0.101148 -0.0402722 0.0522289 -0.0778281 0.0911158 -0.119938 
CSP_Transform_Matrix_Hex: 25, 25
-0.0417999 0.152244 -0.275276 0.639083 -0.0135643 0.0263809 -0.312339 0.0768699 0.0171227 -0.12704 0.0489466 0.358741 -0.000473733 0.00937857 -0.110743 -0.223693 -0.126272 -0.135865 0.13811 0.097435 0.153765 -0.0774708 0.0891637 -0.182965 0.206321 
0.119344 -0.0479991 0.0819972 -0.223512 -0.150195 0.274948 -0.301072 -0.022256 0.0893962 0.0721033 0.0469032 -0.119307 0.259889 -0.0731746 -0.149393 -0.0744956 0.229587 -0.184876 -0.275402 -0.0710943 -0.133505 -0.0170685 -0.234664 0.587651 0.144161 
-0.155412 -0.135652 0.494842 0.229904 0.059192 0.054516 0.0665131 -0.395856 -0.0112963 -0.151747 -0.0457959 -0.118301 0.203292 0.153895 0.0884438 -0.252112 -0.0868341 0.107141 -0.290784 -0.176704 0.203942 0.243416 -0.182536 0.085821 0.200379 
0.319284 -0.0861024 0.191519 0.184493 -0.151771 -0.141181 0.0140515 -0.192284 -0.0538917 0.220097 -0.0104888 -0.0266277 0.213273 -0.251169 -0.0917035 0.206223 -0.129352 0.148369 0.439345 0.0360436 -0.203627 0.237256 -0.310723 -0.303665 -0.0923668 
0.159866 0.0375125 0.176122 -0.0260924 -0.113277 -0.276907 -0.446996 0.102765 -0.0430346 -0.0342313 0.0244346 0.0964038 0.0341039 -0.20435 0.124701 -0.0637681 0.426872 -0.125269 0.172038 0.0139893 0.228199 -0.491446 0.0635902 -0.00242479 0.201643 
0.0807961 -0.042841 -0.0472172 0.0428929 -0.0362175 0.028028 0.206515 -0.0472413 -0.0987533 -0.0754231 -0.0358681 -0.215699 0.0162574 0.358483 -0.0160132 -0.173394 0.0928737 0.3971 -0.562224 0.104218 0.122915 -0.0223755 -0.329744 0.301351 -0.0990801 
0.0334413 0.0732824 0.0456416 -0.0536109 -0.0534669 -0.225572 -0.118652 0.026269 -0.102761 0.0777913 0.0495799 0.176086 -0.104513 0.136249 -0.0222046 -0.39909 0.178009 0.310354 -0.13494 -0.151849 0.457199 -0.120441 -0.409007 0.346708 -0.0203064 
-0.0670907 -0.00587616 0.0553687 -0.0981377 -0.120242 0.00564911 -0.106878 -0.0758145 0.00614081 0.189621 0.00104692 0.22359 -0.0143868 0.133392 -0.0435083 -0.595248 -0.13162 0.0157442 -0.262302 0.0122199 0.610455 -0.0472648 0.147202 -0.0695171 0.0546969 
0.0284608 0.0152146 -0.0412949 -0.0797468 -0.0148454 -0.0697158 0.101121 -0.0475496 -0.0535276 0.10456 -0.0370886 -0.0872694 0.121312 0.019358 -0.0152161 0.571154 -0.0457205 -0.132221 0.0791049 -0.0112507 -0.688896 0.23029 -0.0990295 -0.0971204 0.190235 
-0.0225307 -0.108273 -0.0246811 -0.051259 -0.0217672 -0.0409488 0.0558815 0.26686 -0.0120113 -0.119794 0.012529 0.0762083 -0.308086 0.0197954 -0.00856467 -0.0102128 -0.102883 -0.497835 0.119865 -0.0250056 -0.00373381 0.0554009 0.70028 -0.14739 0.059023 
-0.364783 -0.128923 0.298155 -0.0501111 0.437517 0.252247 -0.210932 -0.180397 -0.188378 0.118129 -0.00417698 0.180347 -0.00929237 -0.0352846 -0.225642 -0.131894 0.0209808 0.0570088 0.125862 0.278139 0.298207 -0.246192 0.105425 -0.0590305 -0.119014 
0.0488493 0.166951 -0.220545 -0.0614208 -0.00908707 0.207368 -0.0993184 0.307128 -0.119756 -0.0437339 -0.102862 -0.304754 -0.27043 0.121795 0.0825775 0.186475 0.0725108 0.251383 0.144734 -0.302138 0.0385183 -0.308494 0.210113 -0.38842 0.220066 
0.0138044 0.0302802 -0.216501 0.0310892 0.112046 0.0301796 -0.395639 0.194269 0.00950973 0.0194426 -0.0108199 0.546966 -0.0621645 -0.0566287 0.0852821 0.0848956 -0.413243 0.295605 0.0449458 -0.140053 -0.0522675 0.182037 -0.298821 -0.0485165 0.121262 
0.0446201 0.0687583 0.0385588 0.0582194 -0.00226549 -0.0576605 -0.126457 0.0597183 -0.00454503 0.0718451 0.063479 -0.0340162 -0.153568 0.271428 -0.0227168 0.477046 0.0224601 0.0347545 -0.482956 0.00293533 -0.587411 0.0298732 0.189028 0.11446 0.00768982 
-0.0151369 0.0637983 0.0611206 0.0501812 -0.0656648 0.0935201 -0.307375 0.145057 -0.0390007 0.042669 -0.00440584 0.211012 -0.0229369 -0.32138 0.0248617 -0.29814 -0.110363 -0.484664 0.35416 0.0238177 0.0929097 0.152223 0.451845 0.034141 -0.0972348 
0.0996896 0.00167535 -0.159178 -0.0106079 0.264977 -0.0794483 -0.0168122 0.418943 0.0206496 -0.0868737 -0.0181874 -0.148672 -0.335522 -0.0990077 -0.0249008 0.015346 0.576578 0.150505 -0.0718446 -0.101081 -0.206063 -0.297279 -0.027036 -0.0582949 0.230669 
0.0468188 0.00289423 0.196363 -0.0636364 0.0601502 -0.0235091 -0.11324 -0.423929 0.00442858 -0.144346 0.0312546 0.170488 0.266622 0.15291 0.0229586 0.042928 -0.202491 0.446993 0.132263 0.000502415 -0.183722 0.126048 -0.537119 -0.104397 -0.058383 
0.10661 0.109046 0.154268 -0.0727149 -0.0902888 0.0791959 -0.211948 -0.246829 -0.0125445 -0.117584 0.0193354 0.287174 0.0188242 0.330238 -0.00761716 -0.452794 -0.259687 -0.0989293 -0.110852 0.0615598 0.365379 0.223584 0.0959152 -0.269312 0.239887 
0.208974 0.0853791 -0.103557 0.0604945 -0.0779708 -0.129761 -0.139726 -0.0323446 0.068958 0.0361242 -0.244885 -0.0615436 -0.0730797 0.329567 -0.0723389 -0.0361379 0.190874 -0.224374 -0.3122 0.114993 0.31742 -0.300269 0.538054 0.0867702 -0.124268 
0.00689648 -0.0294695 -0.0390248 0.0813728 -0.000901249 0.0284623 0.0573696 -0.165171 -0.0390088 -0.0173037 0.0533572 -0.0784497 0.108285 0.285327 0.0995279 -0.018485 0.368982 -0.609484 -0.241415 -0.108487 -0.0506379 -0.191236 0.456672 0.139491 -0.0231756 
-0.0745807 0.0334034 0.113899 -0.0273912 -0.0679016 0.0418464 -0.207764 -0.0290403 0.00627459 -0.0477554 -0.0266854 0.0596178 0.0326192 -0.0657848 -4.87765e-005 0.555031 0.24791 0.294109 0.133678 0.0392322 -0.50064 -0.0926411 -0.416163 -0.0610744 -0.0753436 
-0.0742516 -0.0952673 0.0508666 0.0579051 -0.159126 0.053564 0.18237 -0.0190767 0.0115205 0.137017 0.0291998 -0.0947585 -0.1066 0.0192073 0.0126241 0.33217 0.0899487 0.64677 -0.00523861 -0.0184952 -0.382846 -0.175064 -0.360106 -0.124267 0.132595 
0.000318518 0.0438497 -0.280479 -0.00847946 -0.0345023 0.0230095 0.0854182 0.289248 0.00475107 0.109721 0.0436534 -0.451685 -0.076121 -0.0231206 -0.0258573 -0.529983 0.337318 -0.0153971 0.123889 0.0684055 0.353439 0.191623 -0.0733056 -0.1393 -0.018047 
0.0459868 0.0789935 -0.0058303 -0.00875016 0.165736 -0.0423103 -0.0494483 -0.585664 0.006364 -0.0845956 0.0318987 0.135739 0.588923 -0.160494 -0.028879 0.227363 -0.202377 0.162763 -0.0651464 -0.063809 -0.267701 0.0666001 0.0105335 -0.0674855 0.0924317 
-0.0861663 -0.0193475 -0.358053 0.00704942 0.00299927 0.0372992 0.0318922 0.292255 -0.0509108 -0.040555 -0.00741347 -0.189556 0.586249 0.303389 -0.0213485 0.0518886 0.130209 -0.310336 -0.33899 0.010133 0.00206066 0.0401558 -0.216323 0.139198 0.0307673 
CSP_Transform_Matrix_Hex: 25, 25
-0.0792435 -0.0431147 0.0722292 0.684948 0.0488268 0.0189495 -0.0884716 -0.0388226 0.0755988 -0.162163 0.0889705 0.170155 0.00786969 -0.231146 0.0476944 -0.00776616 -0.103206 -0.233419 0.402326 -0.051435 -0.223118 0.233429 0.105008 -0.179811 0.0585685 
0.299906 -0.135798 0.208094 0.128322 -0.175043 -0.217546 0.350091 -0.0471601 -0.0682932 -0.0737111 -0.0724876 -0.400541 -0.102126 -0.050499 0.0843712 -0.00123072 -0.279994 -0.10935 -0.0227354 -0.0880569 0.0290603 0.417326 0.390466 -0.0148553 0.0830217 
0.0888248 0.114856 0.0656336 0.146962 -0.155175 0.0531905 -0.489319 -0.0790323 -0.0706932 0.0910706 -0.0312041 0.367411 0.0588407 0.105428 -0.055353 -0.387142 -0.00165479 0.162844 -0.0769083 0.053453 0.500885 -0.206258 -0.143547 -0.0710365 0.0963096 
0.169878 0.0966132 -0.00252405 0.0507186 0.186986 0.00998168 -0.0667705 -0.114245 -0.0503488 -0.0102556 -0.0230329 -0.0415671 0.0465405 -0.312431 -0.00403564 0.487647 0.0182749 -0.153406 0.413673 -0.0576087 -0.398728 -0.0798791 0.287525 -0.166241 -0.300298 
-0.119732 -0.0806474 0.0332768 -0.0409045 -0.168714 0.0683306 0.170413 -0.270614 -0.0106852 -0.180771 -0.0530122 0.280196 0.102715 0.00547799 -0.00997298 0.0162747 -0.568237 -0.12773 0.422822 -0.13831 0.163234 0.138551 0.16795 -0.308923 0.0965281 
-0.074595 -0.00688054 -0.00380201 -0.0339958 0.0935305 -0.0712244 -0.0945161 0.0390936 -0.0158154 -0.0469316 0.051532 0.451396 -0.0792578 -0.0959884 0.0177817 -0.40325 -0.36674 0.131013 0.205827 0.0329082 0.555624 0.161203 -0.159379 -0.102251 -0.126392 
-0.0542191 -0.134968 -0.00758742 0.148315 0.0407234 0.0887221 0.535779 -0.220361 -0.092515 0.079075 0.0145536 -0.236674 0.077348 0.111401 -0.00793858 -0.364315 0.027822 0.222792 -0.272307 0.108781 0.380597 -0.216624 -0.135301 0.169451 -0.119278 
0.117068 0.0874295 -0.23814 -0.0252502 0.112219 -0.110536 -0.168397 -0.0782689 -0.0174558 -7.97643e-005 0.0586113 0.463939 0.152976 -0.0495109 0.0541142 0.187374 -0.42212 -0.175728 0.0144806 -0.0712325 -0.435339 0.314733 0.0766097 -0.125317 0.23375 
-0.0461477 0.0216303 0.183059 -0.106558 0.0165381 0.123787 -0.0783703 -0.160847 -0.0748383 0.00486732 0.0464004 -0.00578689 0.162162 -0.0327218 -0.0235949 -0.630417 -0.195586 -0.294409 0.205306 0.0301092 0.31789 0.440575 0.0797872 -0.0407225 -0.0243645 
0.205216 -0.0159505 -0.123897 -0.0410803 -0.0252564 0.124679 -0.175117 -0.165138 0.0937443 -0.241315 -0.0800091 0.127218 0.131115 -0.0821178 -0.0375689 0.0219158 -0.0375901 0.378658 0.450807 0.293991 -0.0995571 0.0310738 -0.361128 -0.00089544 -0.418686 
-0.10016 0.088188 -0.0899013 0.109051 0.137554 0.0304298 -0.0373415 0.0845967 -0.0608304 -0.198252 -0.0954985 0.0554497 -0.0981031 -0.106162 -0.022035 0.341558 0.206534 -0.441649 -0.0208404 0.0119296 -0.254593 -0.170888 0.445888 0.449508 -0.0860061 
-0.0509564 0.0435066 0.000948222 0.0252554 -0.0686771 0.0800267 0.0176399 -0.00881588 -0.0539682 -0.127473 0.0261398 -0.174154 0.0608585 0.119198 0.08951 0.556711 0.0750461 0.3109 0.112262 -0.00175772 -0.559823 0.0195494 -0.400404 -0.0894605 -0.0181766 
0.071063 -0.0168775 -0.122365 0.0435807 0.270657 0.222018 0.122268 -0.00335586 0.015206 -0.240078 0.0162474 -0.0232584 0.0702292 0.243977 -0.0399315 0.0837067 -0.362391 0.410389 -0.322322 -0.162797 -0.0561296 0.0858591 -0.413476 0.0601968 0.305457 
0.0846019 0.0943735 -0.207529 0.0522757 -0.0624848 0.0121306 0.10597 0.0942957 0.026293 -0.0845813 -0.014111 -0.196211 0.010718 0.29037 -0.0195072 -0.338008 0.00378984 -0.503729 -0.311319 0.0966226 0.338464 0.137478 0.412474 0.0290942 -0.0625146 
0.117806 0.0925039 0.10082 -0.0443722 -0.0698159 -0.0456537 0.0766151 -0.151739 0.0631032 -0.0171104 -0.115971 0.146902 -0.00925409 -0.161035 0.109428 -0.113499 -0.324572 0.655956 0.153304 -0.0850966 0.138638 0.00134064 -0.470373 -0.16216 0.0791354 
-0.0531185 -0.046653 0.0605161 0.0458624 0.0149373 0.0514369 0.0412636 -0.142942 -0.0257123 0.0962907 -0.0687268 -0.0596377 0.138713 0.321613 -0.0127528 0.32863 0.00303433 0.367392 -0.390835 -0.0159632 -0.318667 0.22375 -0.52444 0.0231118 -0.00233995 
0.0930391 0.039869 -0.151404 0.0603691 -0.0975317 -0.109932 0.185258 0.112405 -0.0166082 0.155123 0.0505568 -0.192206 -0.0824014 -0.0452482 -0.137137 0.150634 0.0787592 0.602421 -0.00670492 0.0968965 -0.30682 0.076936 -0.547446 0.0264714 -0.0381736 
-0.0170085 0.0739963 0.190498 0.0559251 0.192004 -0.0517381 -0.0619008 -0.557923 0.0115403 -0.0593244 -0.0457989 0.00423033 0.331949 0.0291877 -0.0466104 0.0720608 -0.258414 0.457815 -0.0325368 0.0887832 0.0580605 0.0761186 -0.421141 0.0293321 -0.0573798 
0.0902315 0.0917792 -0.433695 0.0599212 0.0407986 -0.0811573 0.0396182 0.255779 -0.0396415 0.110283 -0.0107958 -0.162296 -0.0796318 0.227973 0.0836581 -0.479759 0.122869 -0.131289 -0.00287962 -0.152161 0.528197 -0.109058 0.181197 0.02676 -0.0301704 
0.139034 -0.00270137 0.128009 -0.0444354 -0.0304885 -0.160728 0.140762 -0.431562 0.00651112 -0.042227 0.0361184 -0.0673704 0.428844 0.0870992 0.0154973 0.222289 0.276203 -0.00734729 0.0463628 -0.0458149 -0.261994 0.0423116 -0.565338 0.0851616 0.052754 
-0.0530264 0.0615271 -0.215847 0.0105403 -0.0924451 0.208243 -0.018862 0.116658 0.0495599 0.261317 -0.00713831 -0.178062 0.174279 -0.551788 -0.018809 -0.0126599 -0.0400151 -0.0202494 0.554782 0.0185323 0.045203 0.217022 -0.262481 -0.120255 0.0181886 
-0.00711525 -0.00383325 0.236769 0.00134858 -0.159839 0.0488102 0.0633234 -0.539996 0.03045 0.171173 0.0703509 0.205175 0.0988057 0.285215 0.00853914 0.10287 -0.379926 0.27416 -0.399393 -0.0151039 -0.148228 -0.000983069 0.200005 0.00623105 0.00587717 
0.0511245 0.0297446 0.0890634 -0.0215155 -0.0905614 0.0377921 -0.195694 -0.119325 0.0419672 -0.0224084 0.0555284 0.196535 0.184322 -0.0452919 0.0845092 -0.191189 -0.105948 0.000838686 -0.21322 -0.0822729 0.169022 0.0693815 -0.43483 0.659655 -0.284932 
0.053711 -0.0529853 0.0207483 -0.00128109 -0.0197349 -0.0733459 0.0632588 0.15786 -0.0131537 0.0884557 -0.0375242 0.240628 -0.0700302 -0.151998 -0.0559791 0.337844 -0.435484 -0.482556 0.412479 0.112226 -0.248131 0.172448 0.211484 -0.0544945 -0.0485246 
-0.0139646 -0.0328752 -0.101079 0.035527 0.0269996 -0.049215 0.0738875 -0.031876 -0.0190543 0.00882147 -0.0282037 0.101019 0.746791 -0.131697 -0.0401471 0.0280693 -0.481991 -0.13552 -0.112333 0.0474516 0.046458 0.20215 -0.212018 0.16901 -0.0815209 
CSP_Transform_Matrix_Hex: 25, 25
0.142743 0.0227286 -0.0304029 -0.897786 0.0459536 -0.17617 0.0361183 0.0476336 0.0373174 0.0318806 -0.0274921 -0.0507855 -0.164295 0.108752 0.0172821 0.0418652 -0.0203067 -0.00581048 -0.0935232 -0.0828123 0.000741677 0.0157984 0.178457 -0.0945499 0.178156 
-0.0459282 -0.0898659 0.24632 0.0275058 0.179413 -0.0147637 -0.204832 -0.214615 -0.055957 -0.122352 -0.0304639 0.423291 0.124455 -0.0205039 0.124975 0.0923378 -0.502423 0.0426378 0.223324 -0.142006 -0.0629277 0.402071 -0.0720814 -0.268028 0.0525395 
-0.00278797 0.0163988 -0.152308 0.0268381 -0.0293575 -0.0494697 -0.072389 0.207357 0.0408252 -0.101157 0.0533988 0.192568 -0.0424188 -0.22696 0.0433604 -0.374055 -0.0510692 -0.596168 0.315357 -0.0107258 0.169216 0.238032 0.351334 -0.0707401 0.0774338 
-0.0118145 0.0829106 -0.0538299 -0.0711385 -0.061931 0.0533582 -0.379746 0.101874 0.0668547 -0.07091 0.0173352 0.251333 -0.12187 -0.127829 0.0335547 0.122919 0.155671 0.416895 0.312782 0.115336 -0.0823172 -0.157933 -0.44526 0.132931 -0.382819 
-0.0942989 0.197895 -0.0584361 -0.0138552 -0.127517 0.0689407 -0.479413 0.162932 -0.0508394 -0.0520671 -0.0472144 0.310485 -0.0989873 0.436313 0.0899016 -0.0563503 0.0528774 -0.24419 -0.314983 -0.142085 0.170833 -0.162787 0.160569 0.0720548 0.295135 
0.059198 0.0643742 0.105365 0.0693152 0.0961981 -0.0402453 -0.534552 -0.136416 0.024724 0.0984344 0.0171169 0.500238 -0.110737 0.05833 -0.0450283 0.235248 0.00821107 0.0781312 -0.156464 0.0538488 -0.364309 -0.230992 0.143972 -0.237511 0.174873 
0.244732 0.145847 0.0354756 0.0127818 0.0807817 -0.137951 -0.0786929 -0.261219 -0.0340049 -0.0116979 0.0725588 0.217298 0.216437 -0.183725 -0.0312931 0.361699 7.79391e-005 0.17136 0.0306749 -0.00989821 -0.471055 0.0805498 -0.477849 0.249526 -0.0431316 
-0.144981 -0.0266266 -0.229551 -0.0187121 0.418162 0.294955 0.0934053 0.0283121 -0.0474062 -0.230287 -0.000981855 -0.0237824 -0.0615444 0.0738484 -0.000983649 -0.256595 0.238116 -0.172893 -0.0952175 0.0361476 0.295277 -0.437786 0.298788 0.226668 -0.0803293 
-0.133517 0.00404991 -0.0448459 -0.0894522 -0.0328912 0.084503 0.240156 -0.236621 0.00945059 0.0517463 0.0687526 0.142466 0.197082 0.0658813 0.0248029 0.18595 -0.443078 0.273489 0.181576 0.00606157 -0.286004 0.284072 -0.404322 -0.332016 0.0613608 
-0.187401 -0.0194253 0.0586783 -0.0280159 0.153629 -0.0151677 0.0240401 0.0226662 0.0195687 0.132956 0.0410005 -0.17915 0.0728551 -0.123382 -0.0400242 0.429048 0.176951 -0.260318 0.06791 0.0339568 -0.681115 0.267719 -0.0427784 0.185007 -0.0284657 
0.186172 -0.00788896 -0.0143572 0.00317282 -0.151177 0.0772629 0.158064 0.134589 -0.0659935 0.196883 0.0958688 -0.332488 -0.103338 0.260551 0.102706 -0.520247 -0.0629569 -0.0801286 -0.439279 0.0251042 0.163025 0.251477 0.144988 0.221745 -0.0807509 
0.1037 -0.149915 -0.0023224 0.0915784 -0.156431 -0.0714972 0.252732 -0.123965 0.0114219 0.0348758 -0.0319299 0.128392 -0.0971173 0.179826 -0.0406886 0.410549 -0.271568 0.40389 0.0328062 0.0603295 -0.458951 0.0703237 -0.237079 -0.185082 0.266636 
0.122814 0.0888151 -0.23316 0.110074 0.110299 -0.0957798 0.127713 0.19924 0.0717802 -0.065029 -0.0582872 -0.000944552 -0.255244 -0.106289 0.0625097 0.241858 -0.32579 -0.345517 0.163825 -0.0589071 -0.0969806 -0.00418089 0.637553 -0.0798512 -0.0589058 
0.13508 0.0307559 -0.168923 0.0409188 0.00079284 -0.0547487 0.0533033 -0.148918 0.0510998 0.0307589 -0.0349405 -0.237435 0.485928 0.0948134 0.0899503 0.208207 0.355983 0.174519 -0.0832203 -0.121929 -0.258819 -0.0904763 -0.553427 0.0608241 0.027289 
0.159011 0.0689991 -0.167781 0.0151043 0.0745173 -0.0732739 -0.0194761 0.0239979 -0.0288392 -0.0548274 -0.0463327 0.0458143 0.0935642 0.356725 -0.141038 -0.537296 -0.161529 -0.3209 -0.184224 0.104924 0.381599 0.315301 0.161638 0.0314249 -0.175688 
-0.034828 -0.107059 0.168759 -0.0434209 -0.0872431 -0.0643975 0.0330036 -0.269172 0.0162913 0.210627 0.0521603 0.366943 0.0147479 0.0805037 -0.000259465 -0.39841 -0.0866267 -0.302747 -0.114392 -0.0108198 0.510624 -0.182801 0.227824 0.217236 -0.136465 
0.0215441 0.0763598 -0.0413918 -0.0555212 -0.0937698 -0.258358 0.339153 -0.182126 -0.139812 0.16949 -0.264469 -0.254603 -0.0135181 0.025864 0.00507906 0.231622 0.454378 -0.028496 -0.0978045 0.362326 0.0524945 -0.222693 0.122247 -0.00042158 -0.334957 
0.00255011 -0.0301692 0.167959 -0.0433609 -0.134291 0.026365 0.134205 -0.29058 -0.041982 -0.0818672 0.0378814 -0.124491 -0.149157 0.109714 0.0704334 0.336648 0.213777 0.011435 -0.0454243 -0.154606 -0.567843 -0.142709 0.495348 0.0351453 -0.0928795 
-0.0222707 -0.109124 0.341173 0.0444866 0.111874 -0.420634 0.212271 -0.243621 -0.109993 -0.475932 0.0960008 0.0596303 0.151868 0.206933 0.0818049 0.0663515 -0.0542858 -0.217769 0.295804 0.117885 -0.0434086 -0.202422 0.100506 0.0714177 -0.192793 
0.0675633 0.0820032 0.052213 -0.01493 -0.0700669 0.0975966 -0.238745 -0.232756 -0.0322511 0.12029 -0.0280846 0.105135 0.301282 -0.338232 -0.0420681 -0.0419786 -0.308248 -0.229966 0.617732 0.0691317 0.0459933 0.169541 0.12342 -0.20408 -0.0456404 
-0.0533882 0.000392658 0.472918 -0.017134 -0.0258112 0.0162346 -0.0947043 -0.312272 0.0649256 0.0553195 -0.0437604 0.203737 -0.0714388 -0.190761 -0.00814862 -0.417591 -0.15564 0.445106 0.095469 0.00224568 0.356835 -0.096233 -0.0424624 -0.159664 0.0616468 
-0.0117369 -0.09883 0.126218 -0.111651 -0.0812459 0.101449 0.0095015 0.221128 0.0209965 -0.130892 -0.059221 0.0689906 0.0748371 -0.0941905 0.0043821 0.455759 -0.107485 -0.596415 0.0258299 0.0421954 -0.39939 0.0247286 0.28879 0.162328 -0.0904641 
0.0199508 0.0215714 0.205064 0.0187606 -0.0255749 0.0440669 -0.0147803 -0.566986 0.0664189 -0.161824 0.0254517 -0.0339203 0.343233 0.379611 -0.00108305 -0.0769303 -0.0886478 0.0051436 -0.528227 0.0965478 0.0707264 0.129863 0.0337715 0.105676 -0.0425528 
-0.0201899 0.00891007 -0.166564 0.0122404 -0.0532045 -0.0490297 -0.106273 0.396422 -0.0101722 0.116859 0.056314 0.0165724 -0.246446 -0.00414211 -0.0387286 0.103921 0.29834 -0.373351 0.112359 0.0591836 -0.0648371 -0.179992 0.575433 -0.308074 -0.02287 
0.0907572 -0.0118748 0.227767 0.0328537 -0.0264932 0.0420665 0.0936961 0.0365742 -0.00428801 -0.145579 -0.0233107 -0.43661 -0.378085 0.130044 0.0434001 0.203615 0.542796 -0.269786 0.272549 -0.0109019 -0.212118 -0.0225972 0.0180804 -0.150246 -0.0164879 
CSP_Transform_Matrix_Hex: 25, 25
0.000111193 -0.0170763 -0.141659 0.85096 -0.091397 -0.0554899 -0.0271933 0.132111 0.00406441 -0.00837314 -0.0169828 0.176742 -0.0703298 -0.0648285 -0.019335 0.0132217 -0.157314 -0.208782 0.190356 0.0217532 0.0423271 0.0281401 0.253491 -0.101887 0.0480046 
0.215429 -0.101326 -0.344654 0.146582 0.331584 -0.119981 0.594125 -0.129178 -0.0176821 0.0636008 0.0561385 -0.300874 0.194131 -0.120415 0.0193183 -0.157456 0.146215 0.0984141 0.0248587 0.0803395 -0.0438186 -0.275936 -0.103887 -0.0436942 -0.0689215 
0.0871875 0.109342 0.218038 -0.00325527 -0.196974 -0.0480777 -0.211069 -0.409218 0.0713 0.115493 0.0277741 0.271388 -0.046452 0.150278 -0.0859027 -0.354962 0.180051 0.271115 -0.0663378 0.127808 0.244903 -0.111254 -0.389501 0.11981 -0.252448 
-0.0775568 0.0755585 -0.136387 -0.02592 -0.0657464 -0.0827907 0.31609 0.221128 0.0101421 0.149271 -0.0868534 -0.499115 -0.21533 0.0753303 -0.0351277 0.168172 0.452499 0.00950216 -0.289073 0.110427 0.0188168 -0.272917 0.241348 0.0608143 -0.105005 
0.0698969 -0.125362 0.41666 -0.0269336 -0.202584 -0.107907 0.148782 -0.226341 -0.00246741 0.18122 -0.0619602 -0.349454 -0.048589 -0.0356283 0.0152114 -0.39041 -0.00257952 0.367903 0.0898728 -0.0522522 0.358824 -0.0168266 -0.186521 -0.0288573 0.230444 
-0.151233 -0.0383366 0.199342 -0.0249373 -0.0141361 0.0624725 -0.334547 0.135245 0.0452227 -0.134998 -0.00112605 0.282153 -0.137683 -0.354676 0.037714 0.110903 0.136471 -0.307708 0.505448 0.167834 -0.0369158 -0.234734 0.186491 0.0698465 -0.222607 
-0.0569036 -0.123959 0.0159792 -0.00792541 0.170465 -0.070534 -0.074763 0.0953133 0.0528568 -0.037316 -0.0673961 -0.161635 -0.331771 0.272647 0.00557233 0.431249 0.393269 0.195461 -0.197381 -0.05565 -0.350803 -0.276205 0.259872 -0.122294 -0.101676 
-0.0287227 -0.0694548 0.216882 0.00841864 -0.090971 -0.00377493 0.04859 -0.198378 -0.0199634 0.021895 0.0188308 0.0288919 0.00536237 0.0500163 -0.0213442 0.368551 0.0166537 0.59543 -0.161126 0.0265771 -0.33451 -0.0400848 -0.452643 -0.186995 0.14668 
0.183226 0.0816693 0.146749 0.0535873 -0.0888718 0.065334 -0.179705 0.0912533 0.0838165 0.00215459 -0.0202858 -0.237134 -0.0474418 -0.202757 0.0620261 0.411809 0.454544 -0.261913 -0.0293852 -0.204848 -0.425494 -0.196071 0.159562 -0.0157792 0.197135 
-0.161447 0.0791436 -0.100515 0.0130571 0.0156281 0.165892 -0.0265495 -0.116063 -0.0504046 -0.148064 -0.0610907 -0.168628 0.311889 0.292702 0.038799 0.402693 0.15429 0.225847 0.104019 -0.0651156 -0.205202 -0.236526 -0.56773 -0.00175296 0.0443346 
0.175577 -0.0789383 -0.0123484 -0.0283172 -0.0118182 -0.16282 0.0998423 0.178002 -0.0411178 -0.283887 -0.0385632 0.0621417 -0.270619 0.137416 -0.0196739 -0.214149 0.326036 -0.104277 0.0719588 0.000104887 0.509247 -0.465465 0.227499 0.0654152 -0.115379 
0.14141 -0.0303005 0.192416 -0.0400914 -0.117809 -0.0372932 -0.0575652 -0.484732 -0.0588307 0.222066 -0.0633711 0.363872 0.2684 -0.102024 0.079857 0.354095 -0.342974 0.154049 0.264906 -0.0485766 -0.102168 -0.0620667 -0.146713 -0.0245181 -0.182182 
0.0198986 0.12353 -0.14795 0.031047 0.0673275 0.00360977 -0.478716 0.108659 -0.0502144 0.193598 0.0385159 -0.0519555 0.194554 -0.328543 -0.0992796 -0.266863 0.491702 -0.0754167 0.196195 0.0748646 0.337106 -0.143363 -0.118866 -0.00768422 -0.0705992 
0.197344 0.0786936 0.198171 0.0375896 0.145135 -0.0114258 0.0358121 -0.312595 0.0097394 -0.129527 -0.0790784 -0.100395 0.118405 -0.17621 -0.12754 0.483741 -0.55424 0.152536 0.110415 0.125492 -0.256378 0.00782027 0.146868 0.061371 -0.126185 
0.124297 -0.0145493 0.00140076 0.0416676 -0.122289 0.0678345 0.0689897 0.106458 -0.0444124 -0.0619502 0.0198535 -0.518758 0.183767 0.273839 0.0508993 -0.0496241 0.313172 0.136974 -0.40594 0.0468357 -0.100124 0.0517755 -0.229568 0.340632 -0.304253 
-0.0842813 -0.0682251 0.346629 0.0309761 0.0807361 -0.124317 0.156081 -0.273235 -0.097876 -0.222715 -0.012206 -0.0849897 0.0768069 0.0487691 0.0494738 -0.035327 0.13983 -0.681109 -0.00963391 -0.0238244 -0.0613299 0.211002 0.329949 0.152482 -0.0555798 
-0.0468106 -0.126849 0.0696526 -0.00182654 -0.0666164 0.214049 0.184289 -0.0299637 -0.000738648 0.0520901 -0.0357307 -0.208383 0.0512078 0.151114 -0.0727729 -0.403696 -0.170206 -0.393347 -0.00823101 0.0840471 0.407207 0.203071 0.419105 -0.276776 -0.0218409 
-0.0986759 0.0468335 0.28624 0.0466062 0.14854 0.118113 -0.0766032 -0.499801 0.0129743 -0.0684072 0.0036896 0.04897 0.0452979 0.0898264 0.0234655 -0.257493 0.027299 0.550206 -0.288261 -0.0396973 0.278176 -0.168865 -0.141697 0.103615 -0.0565123 
-0.0753319 -0.0806687 0.115979 -0.0120427 0.0304928 -0.00886326 0.128637 -0.0988093 -0.00820889 0.0696592 0.0433885 0.0036693 0.187553 -0.492996 -0.0532843 0.332779 0.0194477 0.151111 0.460303 0.000568105 -0.509095 0.0525157 -0.189013 0.018944 -0.123176 
0.0370611 -0.0112604 0.00549332 0.00452257 0.182535 -0.0393079 -0.0844499 0.0363292 0.0476916 -0.0477186 -0.1293 0.0999009 0.363884 -0.186776 -0.026005 0.0145938 -0.207719 0.179571 0.144236 0.0333785 0.0610007 0.351665 -0.727986 -0.0321289 0.000738779 
0.19074 0.138357 -0.244615 -0.0134368 -0.0452542 0.212754 -0.271361 0.350126 -0.108978 -0.048258 -0.213571 0.0166451 -0.406136 -0.341015 -0.0342112 -0.00842104 0.112328 0.157355 0.172028 0.0285634 -0.0877998 -0.240643 0.393558 -0.0040719 0.100191 
0.0500708 0.0709096 -0.103102 0.00625188 -0.0412511 0.0189789 0.0808022 0.0735679 0.0383194 -0.100137 -0.0111197 -0.112087 -0.152943 -0.412834 0.0806959 -0.0876928 -0.224317 0.119231 0.699135 -0.0464102 0.1558 0.18742 0.0344678 -0.327243 -0.111494 
0.00538132 -0.0185489 0.0920993 0.0374984 0.0942507 0.0838165 0.12085 0.21174 -0.0561395 0.0606306 0.0309216 -0.362098 -0.511298 -0.0561172 -0.013148 0.270705 0.332718 -0.0300482 0.313948 0.0268968 -0.37941 0.176645 -0.208313 0.0372037 -0.0814798 
0.0540948 -0.113079 -0.248093 -0.034187 -0.0773652 0.076911 0.39793 -0.21891 0.0860568 -0.137052 0.00268276 -0.422145 0.310905 0.0607449 -0.0133011 0.231022 0.26991 -0.0438786 -0.109505 0.0649313 -0.271417 0.0930354 -0.266677 0.3095 -0.0698704 
0.167666 0.171932 0.0779403 0.0183726 -0.0599752 -0.121443 -0.223116 -0.392986 0.00615887 -0.135164 -0.0192707 -0.0872068 0.288985 0.29507 0.0150457 0.210053 0.0703232 -0.0590761 0.166661 0.104706 -0.451639 0.323338 -0.0524798 -0.335664 0.0318623 
Model_F: 6
11 12 13 14 15 16 
Model_Training_Feature_Hex: 144, 6
1 -1.93574 -1.48312 -1.56252 -3.08254 -0.766796 -1.27278 
1 -0.672535 -1.82893 -1.50162 -2.96947 -0.587445 -1.77104 
1 -1.2833 -0.852332 -1.15078 -2.44804 -1.18368 -1.23444 
1 -1.75598 -0.786946 -1.10572 -3.45809 -0.702682 -1.94995 
1 -0.879371 -0.990669 -1.08977 -2.39417 -1.61595 -0.984155 
1 -1.20689 -0.982843 -1.13008 -2.23167 -0.922415 -1.75977 
1 -0.950431 -1.12629 -1.1499 -2.56763 -1.0018 -1.42964 
1 -0.71974 -1.28729 -0.813887 -2.10029 -1.50772 -1.54631 
1 -0.978638 -0.731187 -0.972248 -2.31569 -1.11391 -1.63579 
1 -1.00109 -1.01405 -0.691625 -2.63234 -1.49078 -1.59884 
1 -1.62417 -0.620905 -1.0873 -2.15481 -1.64704 -1.03753 
1 -1.31139 -0.972663 -1.01361 -1.84822 -1.34791 -1.51507 
1 -1.93574 -1.48312 -1.56252 -3.08254 -0.766796 -1.27278 
1 -0.672535 -1.82893 -1.50162 -2.96947 -0.587445 -1.77104 
1 -1.2833 -0.852332 -1.15078 -2.44804 -1.18368 -1.23444 
1 -1.75598 -0.786946 -1.10572 -3.45809 -0.702682 -1.94995 
1 -0.879371 -0.990669 -1.08977 -2.39417 -1.61595 -0.984155 
1 -1.20689 -0.982843 -1.13008 -2.23167 -0.922415 -1.75977 
1 -0.950431 -1.12629 -1.1499 -2.56763 -1.0018 -1.42964 
1 -0.71974 -1.28729 -0.813887 -2.10029 -1.50772 -1.54631 
1 -0.978638 -0.731187 -0.972248 -2.31569 -1.11391 -1.63579 
1 -1.00109 -1.01405 -0.691625 -2.63234 -1.49078 -1.59884 
1 -1.62417 -0.620905 -1.0873 -2.15481 -1.64704 -1.03753 
1 -1.31139 -0.972663 -1.01361 -1.84822 -1.34791 -1.51507 
1 -1.30924 -1.67796 -1.5682 -1.84815 -0.965062 -1.374 
1 -1.48483 -0.740749 -0.951796 -2.64604 -1.15144 -1.48352 
1 -0.777207 -1.09319 -0.312748 -3.38743 -1.98455 -2.32967 
1 -1.04096 -0.875102 -0.703694 -1.88618 -1.60952 -1.87332 
1 -1.4487 -0.974997 -0.537478 -3.41005 -1.73695 -1.57656 
1 -1.36977 -0.877374 -1.02794 -1.53294 -1.30986 -1.8547 
1 -0.708801 -1.6298 -1.49064 -2.46472 -1.1988 -0.946278 
1 -0.837297 -1.04146 -1.13023 -2.09771 -0.772216 -2.38254 
1 -1.77904 -0.448654 -1.40114 -1.85884 -1.59692 -0.928079 
1 -1.16538 -0.882465 -1.16316 -1.69814 -1.70767 -1.12951 
1 -1.18728 -1.09686 -1.28544 -2.0699 -1.01184 -1.45361 
1 -1.14577 -0.925996 -0.475976 -2.44036 -2.04593 -1.81811 
1 -1.48771 -1.34594 -1.03854 -1.80024 -1.56477 -1.3033 
1 -0.964905 -1.40711 -1.00868 -2.22366 -1.46918 -1.21411 
1 -1.20342 -1.73851 -0.646331 -2.80332 -1.27597 -1.99315 
1 -0.876773 -1.514 -0.700913 -2.7024 -1.6518 -1.40601 
1 -1.42916 -0.770838 -0.903088 -2.22242 -1.46955 -1.36137 
1 -1.3187 -0.860096 -1.49752 -2.55263 -0.870804 -1.27359 
1 -1.38161 -0.868064 -1.20556 -1.41882 -1.53169 -1.41755 
1 -1.18013 -0.864527 -1.08607 -2.64872 -1.50539 -0.994827 
1 -1.15983 -0.949736 -0.759319 -2.37455 -1.52207 -1.51095 
1 -1.80757 -0.397868 -0.975076 -2.22045 -1.3462 -1.37023 
1 -0.642415 -1.26534 -1.13439 -1.49404 -1.20723 -1.86501 
1 -1.69516 -0.527499 -1.84081 -2.16755 -0.960518 -1.06665 
1 -1.05877 -1.40221 -0.823744 -2.14539 -1.56771 -1.44532 
1 -1.21489 -1.09788 -0.777723 -2.01407 -1.2758 -2.05652 
1 -1.43463 -1.05021 -1.19648 -2.69313 -1.00686 -1.32912 
1 -0.972216 -0.79972 -1.14372 -2.77449 -1.11461 -1.23462 
1 -1.17301 -0.750914 -1.25859 -1.99229 -1.79682 -0.882523 
1 -1.07398 -1.54181 -0.671939 -2.01349 -1.7365 -1.71688 
1 -1.19798 -0.705556 -0.717264 -3.05278 -1.82602 -1.19193 
1 -0.972711 -1.12693 -0.935976 -2.73975 -1.48579 -1.14921 
1 -1.10794 -0.855467 -1.25011 -1.9902 -1.46551 -1.06161 
1 -0.82344 -0.996735 -0.60431 -2.62931 -1.25456 -2.34113 
1 -0.96938 -0.726223 -0.995575 -2.14752 -1.3604 -1.35807 
1 -1.06228 -0.799404 -1.39212 -2.85829 -0.693793 -1.63779 
1 -1.05877 -1.40221 -0.823744 -2.14539 -1.56771 -1.44532 
1 -1.21489 -1.09788 -0.777723 -2.01407 -1.2758 -2.05652 
1 -1.43463 -1.05021 -1.19648 -2.69313 -1.00686 -1.32912 
1 -0.972216 -0.79972 -1.14372 -2.77449 -1.11461 -1.23462 
1 -1.17301 -0.750914 -1.25859 -1.99229 -1.79682 -0.882523 
1 -1.07398 -1.54181 -0.671939 -2.01349 -1.7365 -1.71688 
1 -1.19798 -0.705556 -0.717264 -3.05278 -1.82602 -1.19193 
1 -0.972711 -1.12693 -0.935976 -2.73975 -1.48579 -1.14921 
1 -1.10794 -0.855467 -1.25011 -1.9902 -1.46551 -1.06161 
1 -0.82344 -0.996735 -0.60431 -2.62931 -1.25456 -2.34113 
1 -0.96938 -0.726223 -0.995575 -2.14752 -1.3604 -1.35807 
1 -1.06228 -0.799404 -1.39212 -2.85829 -0.693793 -1.63779 
1 -1.60702 -2.17918 -1.29282 -1.95643 -1.2439 -1.21778 
1 -1.35749 -0.986296 -1.25545 -1.70524 -2.31402 -0.83365 
1 -1.23592 -1.02838 -1.16664 -2.51631 -0.986972 -1.44762 
1 -1.13051 -1.08036 -1.73514 -2.24874 -0.912496 -1.15021 
1 -0.887892 -0.886006 -0.650646 -2.54531 -1.98637 -1.33693 
1 -1.31843 -1.00021 -0.645523 -2.64367 -1.21541 -2.22634 
1 -0.703204 -1.20368 -0.996676 -2.06895 -1.12735 -1.711 
1 -0.805856 -0.99461 -0.953941 -1.98228 -1.26018 -1.64288 
1 -0.548014 -1.34988 -1.3835 -2.0327 -1.01068 -1.36905 
1 -1.22587 -0.881385 -1.08739 -2.1466 -1.04983 -1.62951 
1 -1.45872 -0.701938 -0.681565 -1.69301 -2.09392 -1.67661 
1 -1.36564 -0.877709 -0.881793 -2.05362 -1.43081 -1.52063 
1 -1.04892 -1.2997 -0.325666 -3.59758 -1.89831 -2.29519 
1 -1.24015 -1.31033 -0.714849 -2.76157 -1.49921 -1.49507 
1 -1.17202 -1.64135 -0.679629 -3.26602 -1.473 -1.4881 
1 -0.772363 -1.15107 -1.36798 -2.3756 -1.28693 -0.97736 
1 -1.08036 -0.923219 -1.6094 -1.94322 -0.718564 -1.77609 
1 -0.920281 -1.23514 -0.953119 -2.89563 -1.50322 -1.0883 
1 -0.969941 -1.0604 -1.18211 -1.89327 -1.44451 -1.18113 
1 -1.21588 -0.873393 -1.11687 -1.95715 -1.50242 -1.17491 
1 -1.19826 -0.703096 -1.73413 -2.33058 -0.849547 -1.20866 
1 -1.0846 -0.98037 -1.15299 -2.73192 -0.889306 -1.56891 
1 -0.988386 -1.10963 -1.19524 -2.62711 -1.22701 -1.10288 
1 -0.870433 -1.42872 -1.64214 -1.94074 -1.1947 -1.02154 
0 -2.57153 -0.942428 -1.61 -1.75653 -1.65314 -0.830063 
0 -1.39877 -0.984391 -2.31664 -1.25518 -1.53927 -0.911716 
0 -1.73367 -0.841348 -1.51739 -2.28532 -1.31051 -0.893325 
0 -1.82973 -0.606853 -2.37057 -2.04429 -1.9556 -0.453153 
0 -1.38393 -0.788368 -1.56108 -1.86034 -1.89114 -0.726556 
0 -1.72723 -0.55151 -1.69779 -1.46514 -2.5758 -0.673789 
0 -1.63082 -0.550977 -1.97304 -1.46179 -2.22609 -0.65163 
0 -2.14832 -0.500113 -1.56312 -1.49393 -1.90673 -0.873556 
0 -1.48451 -0.451646 -1.59074 -1.77868 -1.51294 -0.898689 
0 -1.77949 -0.59826 -1.86265 -1.08103 -2.06386 -0.971458 
0 -1.18072 -0.647461 -1.06287 -2.42145 -1.24117 -1.28483 
0 -1.86256 -0.333519 -1.34256 -1.31754 -2.17566 -1.02863 
0 -2.57153 -0.942428 -1.61 -1.75653 -1.65314 -0.830063 
0 -1.39877 -0.984391 -2.31664 -1.25518 -1.53927 -0.911716 
0 -1.73367 -0.841348 -1.51739 -2.28532 -1.31051 -0.893325 
0 -1.82973 -0.606853 -2.37057 -2.04429 -1.9556 -0.453153 
0 -1.38393 -0.788368 -1.56108 -1.86034 -1.89114 -0.726556 
0 -1.72723 -0.55151 -1.69779 -1.46514 -2.5758 -0.673789 
0 -1.63082 -0.550977 -1.97304 -1.46179 -2.22609 -0.65163 
0 -2.14832 -0.500113 -1.56312 -1.49393 -1.90673 -0.873556 
0 -1.48451 -0.451646 -1.59074 -1.77868 -1.51294 -0.898689 
0 -1.77949 -0.59826 -1.86265 -1.08103 -2.06386 -0.971458 
0 -1.18072 -0.647461 -1.06287 -2.42145 -1.24117 -1.28483 
0 -1.86256 -0.333519 -1.34256 -1.31754 -2.17566 -1.02863 
0 -1.70298 -0.565981 -1.51281 -1.62163 -1.72294 -0.907349 
0 -1.58491 -0.543343 -1.57393 -1.65649 -1.83322 -0.816294 
0 -1.41342 -0.88443 -1.60276 -1.74999 -1.70351 -0.814544 
0 -1.25584 -0.997811 -1.44839 -1.78278 -2.36778 -0.686778 
0 -1.65801 -0.497669 -1.51793 -1.74136 -1.66281 -0.877195 
0 -1.17236 -0.854172 -1.34656 -1.3075 -1.68691 -1.2578 
0 -1.36335 -0.497938 -1.56818 -1.51607 -1.34146 -1.16944 
0 -1.34256 -0.886282 -1.13336 -2.19235 -1.69369 -0.960877 
0 -1.91737 -0.491271 -1.60069 -2.38205 -1.4262 -0.764296 
0 -1.90264 -0.567122 -1.61336 -1.89858 -1.20391 -1.04702 
0 -1.86518 -0.640628 -1.31726 -1.94255 -1.98135 -0.796484 
0 -1.8153 -0.478391 -2.1146 -1.64196 -0.976077 -1.17463 
0 -1.64805 -0.522242 -1.65883 -2.40962 -1.73386 -0.610301 
0 -1.49397 -0.966231 -0.941454 -2.61716 -1.46657 -1.18347 
0 -1.43758 -0.848077 -1.406 -1.52495 -1.31624 -1.31266 
0 -1.43179 -0.799673 -1.90949 -1.99412 -1.27807 -0.827515 
0 -1.07254 -0.984732 -1.29552 -1.85152 -2.18036 -0.784725 
0 -1.51956 -0.536109 -1.23413 -1.5264 -1.97029 -1.04362 
0 -1.53218 -0.770339 -2.40086 -1.56565 -1.33466 -0.827457 
0 -0.98923 -1.13445 -1.43454 -2.11795 -1.68192 -0.7864 
0 -1.80939 -0.696515 -1.25552 -1.08315 -1.73088 -1.61236 
0 -1.47272 -0.790438 -1.5965 -1.82239 -1.66795 -0.804919 
0 -1.34857 -0.675475 -1.45871 -1.96525 -1.46812 -0.923861 
0 -1.37128 -0.536432 -1.80356 -1.12688 -1.78278 -1.06981 
