Sampling_Rate: 250
EEG_Resolution: 0.0627417341
Channel_Order: 40
HEOL,HEOR,Fp1,Fp2,VEOU,VEOL,F7,F3,Fz,F4,F8,FT7,FC3,FCz,FC4,FT8,T7,C3,Cz,C4,T8,TP7,CP3,CPz,CP4,TP8,A1,P7,P3,Pz,P4,P8,A2,O1,Oz,O2,FT9,FT10,PO1,PO2
Channel_Used: 25
F7,F3,Fz,F4,F8,FT7,FC3,FCz,FC4,FT8,T7,C3,Cz,C4,T8,TP7,CP3,CPz,CP4,TP8,P7,P3,Pz,P4,P8
Processing_Start_Sample: 0
Processing_End_Sample: 625
FileterBank: 9
B: 9
0.0286431 -0.218957 0.741473 -1.45357 1.80482 -1.45357 0.741473 -0.218957 0.0286431 
A: 9
1 -7.59592 25.2957 -48.2373 57.6119 -44.1301 21.1718 -5.81652 0.700611 
zi: 8
0.00297968 -0.0182675 0.0401782 -0.0316496 -0.0146236 0.0434294 -0.0285345 0.00648784 
B: 9
0.0286431 -0.214512 0.715927 -1.39135 1.72258 -1.39135 0.715927 -0.214512 0.0286431 
A: 9
1 -7.44173 24.4256 -46.1776 54.9939 -42.2459 20.4436 -5.69845 0.700611 
zi: 8
0.00297968 -0.0178363 0.0386412 -0.0302727 -0.0137966 0.0416219 -0.0278235 0.00648784 
B: 9
0.0286431 -0.207901 0.6789 -1.30252 1.60575 -1.30252 0.6789 -0.207901 0.0286431 
A: 9
1 -7.21239 23.1645 -43.2366 51.2741 -39.5554 19.3881 -5.52284 0.700611 
zi: 8
0.00297968 -0.0171948 0.0364296 -0.0283152 -0.0126364 0.0390289 -0.0267661 0.00648784 
B: 9
0.0286431 -0.199191 0.631884 -1.19204 1.46144 -1.19204 0.631884 -0.199191 0.0286431 
A: 9
1 -6.91023 21.5631 -39.5785 46.6785 -36.2088 18.0479 -5.29146 0.700611 
zi: 8
0.00297968 -0.0163495 0.0336521 -0.025892 -0.0112255 0.035787 -0.0253729 0.00648784 
B: 9
0.0286431 -0.18847 0.576773 -1.06587 1.29803 -1.06587 0.576773 -0.18847 0.0286431 
A: 9
1 -6.53828 19.6861 -35.4 41.4734 -32.3863 16.4769 -5.00664 0.700611 
zi: 8
0.00297968 -0.0153091 0.0304461 -0.0231334 -0.00965353 0.0320688 -0.023658 0.00648784 
B: 9
0.0286431 -0.175845 0.515787 -0.930447 1.12443 -0.930447 0.515787 -0.175845 0.0286431 
A: 9
1 -6.10031 17.6089 -30.914 35.9423 -28.2824 14.7385 -4.67127 0.700611 
zi: 8
0.00297968 -0.0140841 0.026972 -0.0201691 -0.0080024 0.0280759 -0.0216387 0.00648784 
B: 9
0.0286431 -0.161445 0.451384 -0.792177 0.949353 -0.792177 0.451384 -0.161445 0.0286431 
A: 9
1 -5.60074 15.4154 -26.3321 30.3621 -24.0907 12.9027 -4.28873 0.700611 
zi: 8
0.00297968 -0.0126867 0.0234069 -0.0171111 -0.00633114 0.02403 -0.0193354 0.00648784 
B: 9
0.0286431 -0.145414 0.386158 -0.656895 0.78068 -0.656895 0.386158 -0.145414 0.0286431 
A: 9
1 -5.04462 13.1938 -21.8472 24.9838 -19.9878 11.0434 -3.86288 0.700611 
zi: 8
0.00297968 -0.0111311 0.0199367 -0.0140381 -0.00466258 0.0201639 -0.0167712 0.00648784 
B: 9
0.0286431 -0.127915 0.322737 -0.529414 0.625011 -0.529414 0.322737 -0.127915 0.0286431 
A: 9
1 -4.43755 11.0338 -17.6185 20.0179 -16.1191 9.23556 -3.39802 0.700611 
zi: 8
0.00297968 -0.009433 0.016748 -0.0109828 -0.0029729 0.0167105 -0.0139723 0.00648784 
Model_M: 2
Model_TimeSeg: 1, 2
  0.50000000   2.50000000 
CSP_Transform_Bands: 9, 1
CSP_Transform_Matrix_Hex: 25, 25
0.0582209 -0.131746 0.0980207 0.164909 -0.0289518 0.00774542 -0.00350663 0.000664915 -0.00554058 0.0428771 0.0533591 -0.0930045 0.0725061 -0.020932 0.0956241 -0.680253 -0.0508775 -0.153246 -0.117709 -0.0252822 0.609612 0.0604075 0.184057 0.026777 0.0123426 
0.21386 -0.012743 -0.0703698 0.0523358 -0.196536 -0.278864 -0.0698995 0.126334 -0.0141896 0.0742416 0.0714982 0.452095 -0.150563 0.116252 -0.0583535 0.209844 -0.398281 -0.299186 -0.107665 0.0839236 -0.2779 0.196617 0.356567 -0.0092871 0.0211322 
0.0525619 0.134211 -0.11351 -0.0743653 -0.0408872 -0.022805 0.193289 -0.127577 -0.00422777 -0.0658837 0.0439002 -0.175159 0.145292 0.148503 0.0805656 0.175822 0.0179944 0.55243 -0.154636 0.0415158 -0.300925 -0.0428532 -0.602204 0.00362688 0.0354187 
-0.134961 0.171445 0.255691 -0.278977 -0.0780426 -0.231064 -0.182714 -0.207036 -0.0284009 0.102895 0.288332 0.143418 0.137216 -0.175429 0.108278 -0.310433 -0.0515489 -0.288017 -0.134292 0.127136 0.301154 -0.145815 0.354883 0.187311 -0.0887185 
-0.0225174 -0.089781 0.0963273 -0.0464933 -0.0569168 0.00993389 -0.107369 0.0611192 -0.00740942 0.0555129 0.128195 0.0519624 -0.23034 0.11342 -0.0304533 -0.040805 0.137201 0.723025 -0.137731 -0.131444 -0.0603999 -0.141824 -0.499037 -0.0228234 0.139455 
0.0283471 -0.161254 -0.00692842 -0.157036 -0.0559677 0.155861 -0.121061 0.189871 -0.00487285 -0.0694181 0.083803 -0.244137 0.0473887 0.00220599 -0.0444281 -0.450565 0.215163 -0.423287 -0.0479809 0.173828 0.436609 0.0851801 0.31983 -0.0475187 -0.176731 
-0.03804 0.025375 0.140499 -0.022923 -0.0667377 0.158528 0.0222754 -0.103453 -0.00871671 0.0106586 -0.159665 -0.16568 -0.0759514 -0.0731691 0.00552731 0.49574 -0.0742146 -0.269893 0.131749 0.0303325 -0.469734 0.0510943 0.511809 -0.192601 0.0887943 
0.0318981 -0.0233229 0.0644331 0.0180136 -0.0173498 -0.101675 0.0181803 -0.110012 -0.00375167 -0.0151061 0.0220546 -0.0205281 0.15523 0.0507799 0.0159299 0.390994 -0.00442902 0.571443 -0.0383782 0.00512794 -0.297774 -0.0533442 -0.606622 -0.0438268 0.0210656 
-0.141142 0.138824 -0.0274964 0.183917 -0.0961005 0.170298 -0.109317 0.0929223 0.00532099 -0.114993 0.00456372 -0.0640987 -0.0995447 -0.132845 0.0660992 0.197176 0.0237432 0.617408 0.141954 0.0205912 -0.186965 -0.0575789 -0.559279 0.112043 -0.115193 
-0.0411994 0.109081 -0.112263 -0.0636192 0.00761467 0.211848 -0.142669 0.153227 0.0239465 0.0669361 -0.15698 -0.0667147 -0.049843 0.173529 -0.0108881 0.429078 0.012966 0.443353 -0.340804 0.0332601 -0.405317 0.0416571 -0.381645 0.0568583 0.0335413 
-0.0796559 -0.0152017 -0.0301528 -0.147227 -0.100903 0.230959 -0.134797 -0.153972 -6.79502e-005 0.168958 -0.0138568 0.0774799 0.311853 0.184341 -0.148981 -0.164691 -0.368631 -0.427764 0.328537 -0.176314 0.326581 0.00840658 0.146344 0.0966078 -0.23404 
0.00249637 0.0295811 0.0503671 -0.0194932 -0.0735121 -0.0321378 0.0291701 0.0632363 -0.00311587 -0.0274965 0.0126725 -0.0269633 0.00796036 0.0182101 0.173966 0.5662 0.127582 -0.534008 0.070241 -0.143943 -0.523299 0.0423281 0.161123 -0.00874139 0.0570522 
0.0391722 -0.129822 -0.0894548 -0.0372751 -0.0479322 -0.350104 0.238764 0.254876 0.0672725 0.0857608 -0.00897398 -0.0616373 -0.184889 -0.182132 0.0454816 0.386971 0.123826 0.27262 0.173131 0.049172 -0.358629 0.0789093 -0.478303 0.0226504 -0.0653683 
-0.0765925 -0.355042 0.0838148 -0.0788632 -0.0130149 0.352706 0.272934 0.0663583 -0.00367765 -0.0285873 -0.168346 0.104525 -0.166951 0.0922127 0.0356178 -0.474839 -0.193716 0.0424356 -0.0455464 0.0969355 0.532604 -0.0922538 0.0375679 0.0328143 0.0518639 
-0.124754 -0.0617435 0.14178 0.00684254 -0.0177133 0.0313737 0.250614 0.0176715 0.0394332 0.0297709 0.0283116 0.0254476 -0.0146428 -0.182627 -0.225333 -0.593954 -0.180836 -0.138011 0.0835325 0.0199582 0.596685 -0.0296476 0.188267 -0.0475566 0.0360763 
0.0513435 0.0966635 -0.0643465 -0.0208817 -0.0246764 -0.0872396 -0.0184701 0.0530835 0.00813679 0.0239292 0.0463981 -0.111046 -0.0580066 0.0543809 -0.029502 -0.668788 0.0778158 -0.0993215 0.0155037 0.012338 0.68919 -0.0205369 0.0983232 -0.0169465 0.0282886 
0.0330302 0.0514347 -0.013776 -0.0675042 0.0644251 -0.0367107 -0.148679 0.0764151 -0.0022448 -0.0481314 0.0679152 0.209763 -0.0885122 -0.141171 0.065286 -0.315263 -0.338462 0.544128 0.131045 -0.022714 0.351028 0.0991736 -0.459406 -0.0573641 0.00109554 
0.0573898 -0.0471498 0.039882 0.0424328 0.0103134 0.000471358 -0.0489432 -0.0361522 0.0124958 0.0500715 0.107271 -0.0468852 0.0882397 -0.194271 -0.0558643 0.540771 0.078549 0.241485 0.209303 0.0407634 -0.632595 -0.0161818 -0.344165 -0.00923567 0.0300829 
0.0393221 -0.00855186 -0.0494545 -0.00172837 0.0135655 -0.0667942 -0.110126 0.138466 0.0184542 -0.0983505 0.08382 0.0881576 -0.132775 0.0733389 0.0400862 0.141332 0.00587362 -0.574495 -0.0202346 0.00975437 -0.160264 -0.128481 0.717152 -0.0543296 0.0234908 
0.126788 0.065957 0.165538 0.316097 0.0421891 -0.207395 -0.126833 -0.180444 -0.0142995 0.0408891 -0.0547605 0.21012 -0.17071 0.226456 -0.233576 0.420107 0.106131 -0.107628 -0.319688 0.229973 -0.107228 -0.341996 0.125428 0.166373 -0.220252 
0.172409 -0.129248 0.00186325 -0.100255 0.0154622 -0.126773 0.261838 0.139914 -0.00956465 0.0195417 -0.0337158 -0.283953 -0.172343 -0.130893 0.0194277 0.580799 -0.010901 -0.000529532 -0.029131 -0.0999836 -0.496005 -0.0555906 0.290805 0.146553 -0.0785465 
0.158842 -0.0214564 0.150719 -0.104773 -0.0587703 0.154827 -0.207089 -0.181335 0.0330389 -0.000355276 -0.358752 0.208664 0.0679456 -0.168935 0.142461 -0.368972 0.173751 0.327968 0.172812 -0.0239649 0.428758 -0.136172 -0.292422 -0.0787982 -0.110492 
-0.00570216 0.111409 -0.368438 0.0342386 0.0394441 0.050484 -0.0638172 0.620747 -0.102327 0.10666 -0.158032 0.0208343 -0.276624 -0.23265 -0.0437179 0.0548675 0.192165 0.0749183 0.394453 0.0785645 -0.00610309 -0.183823 -0.109618 -0.147064 -0.0502991 
-0.0281281 -0.0387809 0.173172 -0.024057 0.0122716 -0.105148 0.130578 -0.0890822 -0.00836424 -0.0338927 0.167606 -0.169193 -0.194178 0.292156 0.00959193 0.312407 0.000939413 0.529926 -0.0402258 0.0742555 -0.408461 0.1169 -0.360891 -0.114275 -0.201236 
-0.131361 0.139201 -0.357486 0.170309 -0.0845934 -0.0458133 0.195962 0.0926832 0.0393986 0.233356 0.239055 0.00410276 -0.12048 -0.167832 0.251302 -0.127812 -0.17108 -0.098868 -0.0348458 -0.0423825 0.206413 -0.169149 0.582202 -0.208286 -0.139148 
CSP_Transform_Matrix_Hex: 25, 25
0.014372 0.0591169 -0.04944 -0.0528873 -0.0416612 -0.0828135 -0.104542 0.290613 0.0215193 -0.154704 0.0417268 0.0769411 0.04612 -0.0614409 0.0894511 -0.044267 0.0341434 -0.825719 0.073407 -0.141085 0.13637 0.120233 0.277109 0.130188 0.0639979 
-0.0417568 -0.247806 -0.23396 0.0705005 0.264164 0.19177 0.489877 0.269118 -0.00234185 -0.0177973 -0.10234 -0.272905 -0.00826132 -0.160232 0.05533 0.097104 -0.408581 -0.022209 0.130194 0.042364 -0.105812 0.343645 -0.098723 -0.0622449 0.0747432 
0.202066 0.220862 -0.23824 0.176771 -0.158388 -0.285763 -0.0849464 0.204244 0.0134363 0.0742419 0.125916 0.343905 -0.250701 -0.00352083 0.0724967 0.307627 -0.241525 0.217108 -0.149092 0.0369781 -0.334685 -0.280116 0.21072 -0.0135639 0.000888441 
0.0701445 0.211291 -0.362483 0.00606353 0.201305 -0.153493 0.0720912 0.0534833 0.0420265 -0.0513049 -0.198692 0.175956 -0.101767 0.123888 -0.253163 0.532983 -0.159856 -0.0175678 -0.0908722 0.31305 -0.316575 0.0790998 0.131674 -0.149088 -0.141411 
-0.0838278 -0.0904229 0.295891 0.0444657 0.047123 0.0738404 0.0787934 -0.455808 -0.00583694 -0.0669209 -0.0819574 0.228716 0.269175 0.046783 0.0525737 0.0631556 -0.369202 0.328587 -0.034971 -0.186544 -0.0798423 0.235954 -0.413653 0.0378814 0.117446 
-0.0985365 -0.0370895 -0.103273 -0.0295649 0.190098 -0.069365 0.00103662 -0.0974569 -0.0362284 0.000644607 0.190271 -0.0179185 0.349576 0.129225 -0.125421 0.421195 0.224083 -0.202031 -0.254719 0.0202711 -0.543873 -0.182372 -0.0559651 0.25616 0.0540602 
-0.0983795 0.324955 -0.0237679 0.0796362 -0.0498685 0.44575 -0.297763 -0.175883 0.0169567 0.184468 -0.417602 -0.0587754 0.117932 -0.00216478 0.144881 0.0160298 0.418626 -0.203421 -0.00880113 -0.0665027 -0.0934349 -0.162286 0.0763562 -0.13194 0.174027 
-0.0471391 0.0250795 0.1947 -0.0878029 -0.00360683 0.0110736 0.0733743 -0.178873 -0.00307286 -0.122413 -0.0630821 -0.132963 0.0426483 0.0798245 -0.0697897 0.19844 0.169365 0.597693 -0.0931478 0.150635 -0.151849 -0.140557 -0.602846 0.00619167 0.0368564 
0.0324381 -0.174846 -0.0212751 0.118805 0.0409908 0.0628458 0.42461 -0.0422085 0.0183387 0.000206895 -0.012333 -0.409489 0.0301031 -0.0175786 -0.0101344 -0.345968 0.347691 0.328474 -0.0132524 -0.0159388 0.312885 -0.152647 -0.351541 0.0428512 -0.0330637 
-0.0140613 0.102601 0.00498618 0.0179519 0.124712 0.063742 -0.200062 0.0163411 -0.00646797 -0.17501 -0.00414077 0.0752472 -0.00135218 -0.10635 0.00371042 -0.421335 0.0239028 -0.459829 0.268532 0.0257029 0.426005 -0.0435512 0.466719 -0.116539 -0.065205 
0.045175 -0.050305 0.0184803 0.042655 0.0253359 -0.00393241 -0.14613 0.0595953 -0.00638076 0.00327047 0.0316254 0.129212 -0.0458238 -0.0140675 -0.00819455 0.0587164 -0.0223768 0.673571 0.0868138 0.00839839 -0.0950481 0.00828686 -0.680296 -0.0969369 0.0321903 
-0.00572116 0.0146563 0.199933 -0.201 0.0153186 0.0394736 -0.0644151 -0.204129 0.00734591 0.243436 0.214715 0.0303453 0.152541 -0.0756626 -0.272958 -0.506753 -0.17385 -0.284337 0.0395135 0.296074 0.229748 0.278175 0.191398 -0.131003 0.144491 
-0.0947852 -0.157162 0.0160857 -0.101222 0.0125453 0.184485 0.0903292 0.216865 -0.0464358 0.0623235 -0.0942682 -0.00848705 -0.234016 -0.107314 -0.0741579 0.583256 0.0779482 -0.0563816 0.229173 -0.0642945 -0.491284 -0.180706 0.22839 -0.182211 0.119067 
-0.00159165 0.0101894 -0.0848612 0.0352223 0.0586328 -0.0200932 -0.0144404 0.253297 -0.0120355 -0.0124863 -0.0307185 0.0304176 -0.306157 0.066357 -0.0576947 -0.583121 0.0165237 -0.176409 -0.157803 -0.00633763 0.54102 -0.00924572 0.344343 0.0864318 0.0664325 
-0.0331165 -0.267707 0.300144 0.200241 0.0171506 0.0301986 -0.0235772 -0.127411 0.0374869 -0.062875 0.0652352 0.184749 -0.135108 0.0373137 -0.0107897 0.11745 -0.100902 -0.455035 -0.113313 0.0609598 -0.0613388 -0.146923 0.660926 -0.0532535 0.0543386 
0.191673 0.0813697 -0.179971 -0.0349663 -0.00364961 -0.358377 0.105251 0.0816315 0.00610136 0.0341579 0.0773822 -0.0869179 -0.0854985 0.210486 0.0310109 -0.270418 0.0861982 -0.310543 -0.0741332 -0.190994 0.385326 -0.138259 0.434805 -0.20151 0.305442 
-0.0618001 -0.0416584 -0.04125 0.0192964 -0.0726225 0.0392112 0.145932 -0.0044193 -0.0131927 -0.0165859 0.0543201 -0.0258347 -0.010628 0.0458096 -0.087255 -0.606769 -0.102225 -0.37509 0.0803749 0.0269165 0.472987 0.117081 0.38884 -0.171622 0.0760304 
-0.0479357 -0.0423607 -0.0266708 -0.00307717 -0.053321 0.146036 -0.0651838 0.0436663 -0.0121061 0.0323955 -0.0556061 0.122176 -0.0144803 0.070299 -0.0329708 -0.630001 -0.0746633 -0.0535355 -0.0905502 0.0927533 0.704755 -0.0638511 0.0658532 0.0864007 -0.0685951 
-0.0162176 -0.292126 0.106425 -0.127095 -0.0509275 -0.14082 0.347137 0.153108 -0.0174378 -0.0776001 -0.0189646 -0.0990998 -0.160553 0.0323735 0.276381 -0.122646 0.0705915 -0.47703 0.000992181 0.0782023 0.103457 0.0460071 0.551825 -0.125321 -0.11873 
-0.153924 0.00783032 -0.0383471 -0.275486 0.0758132 0.0426262 -0.0123588 0.0574788 0.0940741 0.0368231 0.0858068 0.167353 -0.214195 -0.162899 0.0744336 -0.553022 -0.0797513 0.281656 0.0840832 -0.1251 0.562836 -0.141348 -0.108293 0.0399249 0.0014099 
-0.23464 0.183962 -0.280479 0.0347205 0.00207037 0.363341 -0.0897645 0.170846 0.0175244 -0.238005 0.0642573 -0.0114345 -0.0742897 0.159044 0.226648 0.307408 -0.0821949 0.269985 -0.228414 -0.0288642 -0.474173 0.0794308 -0.140034 -0.0541986 0.194202 
0.0162916 -0.2592 0.0329522 -0.170663 -0.0300921 0.356902 0.045967 0.230206 0.0568758 -0.0383217 -0.101692 -0.121726 -0.16836 0.235251 -0.158882 0.3853 -0.045001 -0.16066 -0.230911 -0.0452579 -0.494182 0.0702982 0.268192 0.136087 -0.0942751 
-0.414407 0.324071 0.0309643 0.0163114 0.0285752 0.105515 0.0582357 -0.116923 -0.0670114 0.117224 0.18234 -0.1107 -0.163974 0.249759 0.0561317 -0.3194 -0.0315951 0.3864 -0.264753 -0.0517069 0.387361 -0.041971 -0.194012 -0.010954 -0.148989 
-0.0334608 0.0153991 -0.0338617 -0.0445999 0.017769 0.0774242 -0.166547 -0.0540208 0.000981695 0.0212364 -0.0634714 0.0682617 0.287185 0.0178494 0.0230822 -0.573003 -0.0187999 0.164597 -0.145351 -0.0354544 0.654315 -0.0178206 -0.234218 -0.0374155 0.0566449 
0.453998 -0.133372 0.169287 -0.222385 0.0945039 -0.161401 -0.05405 -0.267016 -0.076485 -0.126656 -0.0472583 0.142812 -0.0230631 0.242863 0.178207 -0.250115 -0.0633505 -0.249778 -0.340786 -0.0985121 0.24321 -0.035173 0.346456 0.131678 -0.0207995 
CSP_Transform_Matrix_Hex: 25, 25
0.180833 -0.123901 0.00208537 -0.000105871 -0.0946967 -0.117511 -0.13012 0.188352 0.00699383 0.13416 -0.0132468 0.509567 0.0933326 -0.171324 -0.0487838 -0.028306 -0.441528 0.170366 0.0951989 -0.0694146 0.00400078 0.217956 -0.50841 0.100301 0.0609829 
0.00811918 0.144593 0.0606315 0.0151738 0.0311324 -0.0444628 -0.153555 -0.155034 0.0149255 -0.0371778 -0.0215062 0.0356602 -0.0553581 0.0859263 0.0119205 0.540409 0.425798 0.161975 -0.0818938 -0.0726633 -0.520904 -0.280465 -0.196659 0.0191811 0.100085 
0.174391 -0.0017901 -0.0609062 -0.0596439 -0.0595844 -0.0525995 0.0253321 0.0701852 0.0146111 0.171673 -0.0626343 -0.223005 0.0538251 -0.0750691 -0.023537 0.269967 0.129232 0.479167 0.0386856 -0.0624073 -0.219619 0.0330672 -0.678456 -0.0251569 0.152218 
0.0412432 0.138236 -0.171058 0.144228 0.196782 0.0516908 -0.0658674 -0.0515739 -0.0154843 -0.108749 -0.0707011 0.00689483 0.192659 0.0451982 -0.100701 -0.538165 -0.101604 0.0486081 0.00584419 0.128897 0.585972 0.204874 -0.297463 0.0849937 -0.119667 
-0.0405608 -0.0508322 -0.243138 -0.251753 0.0965125 0.00605222 0.363429 -0.0446962 -0.0039389 0.0119414 -0.0883683 -0.103094 0.131509 0.138328 0.0547503 0.44277 -0.129175 0.323963 -0.134064 -0.292417 -0.343389 0.0843117 -0.336166 0.0421844 0.104146 
-0.205537 0.196433 -0.157222 -0.126765 0.151264 0.156551 -0.0519779 0.0511047 -0.00828576 -0.0573209 -0.0137972 -0.186556 0.198032 -0.0989471 -0.0502997 0.322626 0.240789 -0.550328 0.159585 0.0828979 -0.351377 -0.0693253 0.324387 -0.0339973 -0.062214 
-0.0739644 -0.170787 0.167816 0.126699 0.15293 -0.133298 0.232055 -0.0539065 0.00146185 -0.135894 -0.100491 -0.158759 -0.0298445 -0.0381758 0.0203149 0.579272 0.31887 0.125525 0.0193971 -0.0490293 -0.200902 -0.518357 -0.0117729 0.0412094 -0.00617516 
-0.0830175 -0.0535205 0.0271373 0.0159274 -0.000734981 0.107682 0.0187105 0.0979135 0.0102377 -0.0480485 -0.018507 0.0148261 -0.150027 -0.0291103 0.0404863 -0.564575 -0.0210237 -0.366479 0.0637437 -0.0829282 0.546145 -0.00111273 0.418743 -0.0190328 0.0364962 
0.0931202 0.20361 -0.238822 0.0960485 0.261315 -0.0578049 0.188043 0.0485232 -0.0424578 -0.0806437 0.0937632 -0.271484 -0.194974 0.17387 -0.0337035 -0.318103 0.163747 0.435325 -0.211267 -0.0828687 0.133426 -0.179313 -0.099031 -0.146186 0.404897 
0.0947596 -0.126943 -0.246973 0.00272451 0.0250209 -0.0189249 0.32035 0.342478 0.0161594 -0.169929 -0.111055 -0.171884 -0.319996 0.0499068 -0.0298919 0.0656652 0.110082 -0.332911 0.0100571 0.235061 -0.00785157 -0.0949578 0.537259 -0.186643 -0.0321094 
-0.0765177 -0.174209 0.233352 0.11992 0.00130373 0.0377827 0.396952 -0.471459 0.00321493 -0.0185998 0.00913082 -0.145344 0.278482 0.0968378 -0.035578 0.315647 -0.139753 -0.0323364 -0.224631 0.0341385 -0.403266 0.171508 -0.0857969 0.172519 -0.0541485 
-0.0619545 -0.0948503 0.0689053 -0.00620019 -0.0951978 -0.0315519 0.361621 -0.0920084 0.0276269 0.297267 0.0178454 -0.26065 -0.0296073 0.00244893 -0.0549886 -0.502675 0.132677 -0.193672 -0.0361522 0.0523104 0.529923 -0.0371548 0.259085 -0.102112 -0.0142762 
0.0606634 -0.139846 -0.00122002 0.0117973 0.00688011 -0.0920029 0.200745 0.173079 -0.00379011 -0.0564693 0.0741115 -0.19647 -0.0927331 -0.092905 0.0265253 0.474825 0.0819446 -0.384772 0.201334 -0.0586946 -0.525629 0.0679883 0.338885 -0.105213 0.0400052 
0.0200227 -0.0765401 0.0865575 -0.0691732 -0.00518414 -0.100412 0.0482049 -0.217771 -0.00102134 -0.0925543 0.156972 0.0125419 0.208598 0.0794799 0.0115785 -0.495239 -0.000446749 0.366153 -0.0203852 0.0438923 0.481293 -0.0520855 -0.471099 -0.0107644 -0.0141354 
-0.0314409 -0.187591 0.0934255 -0.0118707 0.0833636 0.120108 0.0118472 0.101753 0.0197027 -0.00979545 0.000751398 0.040633 -0.217576 0.0398913 -0.137339 0.275316 -0.0370987 0.645355 -0.00548146 0.0638492 -0.316809 -0.0261562 -0.500722 -0.0406102 -0.0443244 
0.0470129 0.160076 0.316657 -0.1071 0.125524 -0.162127 -0.145485 -0.419015 0.0264965 -0.116008 0.00705517 0.350095 -0.126795 -0.0708356 0.0571709 0.211753 -0.421652 -0.0562295 0.238787 0.000937056 -0.159674 0.163673 0.251636 -0.248476 0.0185717 
-0.141941 -0.13011 0.130881 0.0123206 0.0264951 -0.109209 0.175609 -0.0949396 0.0133526 -0.136305 0.000430335 -0.104052 0.268643 0.142076 0.0483391 -0.187831 -0.0293014 0.374531 -0.0452686 -0.00997316 0.0339517 0.340245 -0.632924 -0.174214 0.206064 
-0.235587 0.287735 -0.113607 -0.0133811 -0.0840066 -0.0272769 0.148724 0.256476 0.0079459 -0.0851489 0.0728827 -0.221178 -0.411586 0.262332 0.0502663 0.0127676 0.106346 0.359935 -0.462483 0.0325373 0.0538602 -0.0639312 -0.161972 0.221047 -0.112113 
0.0357258 0.0233204 -0.287275 0.0757983 0.0621457 -0.134164 -0.0324404 0.309484 -0.0136992 0.0734618 0.0737013 0.122369 -0.250858 0.128122 0.00973191 -0.104337 -0.0850579 -0.514286 -0.130078 -0.0519113 0.096795 0.00415123 0.609978 0.0452778 0.0068831 
0.261073 0.469431 -0.335424 0.246911 -0.284343 -0.312564 -0.101779 -0.146278 0.0740059 0.0844692 -0.0326806 -0.152667 0.211127 0.0692102 -0.174061 -0.0127862 0.250035 0.0875065 0.196899 -0.0938368 0.0678736 -0.177629 -0.125657 -0.194935 -0.0564561 
-0.109624 0.0270167 0.101605 0.0361113 -0.170127 0.27499 -0.121119 -0.193657 0.0342175 -0.0124847 -0.0474754 0.127435 0.114154 0.27008 0.0444712 0.530104 -0.207318 -0.184512 -0.161799 0.0221434 -0.520117 0.0402653 0.180999 -0.0606432 0.133532 
-0.311698 0.142982 -0.228046 0.150389 0.0612042 0.147625 -0.106453 0.171868 0.0494132 0.0511222 0.0806531 0.212944 -0.0598681 -0.3035 -0.115528 0.200114 -0.270895 0.336154 0.370343 0.0289737 -0.20058 0.0833034 -0.227392 -0.285494 0.174963 
0.0759013 -0.0357338 0.0514873 -0.0986882 0.0474061 -0.0714388 -0.122279 -0.0366396 0.0345824 0.0230431 0.0268693 0.126006 0.049742 0.0434242 -0.202271 -0.299223 -0.0785283 -0.561476 -0.176398 0.10339 0.320029 0.0109567 0.57234 0.100492 0.0188126 
0.0771516 0.0562768 -0.129554 0.172706 0.131679 0.13254 -0.455851 -0.11874 0.0815667 -0.194925 0.0154388 0.31258 0.433127 0.00724656 0.333279 -0.00346009 -0.246342 -0.1591 -0.290206 -0.247754 0.0369701 0.0704873 0.0768421 -0.00444504 0.0476693 
-0.116017 0.0193954 0.189835 0.0722076 -0.0624552 0.153381 -0.24117 -0.116359 -0.218873 0.118128 -0.0299783 0.254143 0.00618973 0.277731 -0.138039 -0.228074 -0.212539 -0.255472 -0.039668 -0.0162865 0.3003 0.021129 0.421112 -0.390345 0.193864 
CSP_Transform_Matrix_Hex: 25, 25
0.00456459 0.140435 -0.0888275 0.00103791 0.0632802 -0.10759 -0.0620042 0.0788446 -0.0370987 -0.0572152 0.0551178 0.205129 -0.292227 0.274377 -0.068177 0.535736 -0.280429 0.136603 -0.0627875 0.109321 -0.52509 0.09494 0.134914 -0.168775 0.00219782 
0.00690874 -0.0595899 0.0645482 -0.34216 0.114657 0.0510221 0.209161 -0.494935 -0.00287642 -0.216619 0.0933051 0.0166377 0.404247 0.188878 0.010732 0.29179 -0.169639 0.00565744 -0.101426 -0.0274843 -0.412276 0.0800331 -0.112931 0.000447997 0.0381911 
-0.0375399 0.115444 -0.11851 0.00252259 0.00550333 -0.0494246 -0.186526 0.230906 -0.00399564 0.0363606 0.115067 0.10127 -0.270557 -0.0566625 0.0492957 -0.472343 0.110652 -0.300067 0.00632904 -0.118328 0.47438 -0.161159 0.419247 0.102828 -0.0130614 
-0.0344115 -0.0250994 -0.111228 0.169394 0.0135804 -0.0913108 -0.102468 -0.0355679 -0.0118932 0.00925976 0.143924 0.0931501 0.482874 0.189347 -0.0994605 -0.0801122 0.177285 0.190101 -0.204097 0.129623 0.0488693 -0.057232 -0.687057 0.131207 -0.0305383 
-0.034267 0.0488525 0.0098223 0.0553502 0.0793781 -0.0169729 0.0582757 -0.274544 0.028977 0.0413995 -0.0276753 0.143721 -0.100881 0.187262 0.0115031 0.134091 0.125054 0.635807 -0.365315 0.0414632 -0.160456 -0.181797 -0.438506 0.11765 0.0244613 
-0.0227539 -0.0782253 -0.145309 0.10341 0.154314 0.174765 0.136812 0.304601 0.000966482 -0.121523 -0.0217974 -0.18422 -0.359162 0.0971499 0.0645272 -0.141434 0.189989 -0.410759 0.201376 -0.200326 0.0529351 -0.0661143 0.439752 -0.232152 0.209676 
-0.00129028 0.204488 0.0193317 0.00656495 0.00783005 0.132012 -0.514749 -0.138188 -0.0125214 -0.0393181 -0.0561057 0.40848 0.248521 -0.128028 0.0642921 0.141195 -0.181024 0.333544 0.173367 -0.0698375 -0.102617 -0.0256213 -0.435877 -0.0425772 0.0185269 
-0.105571 -0.0595868 0.106328 0.00897189 0.111998 0.131673 -0.276758 0.0602155 0.00811692 -0.127649 0.0627947 0.147217 -0.133768 -0.229992 0.0288007 0.485124 0.0181984 0.299533 0.303835 0.0799037 -0.469728 -0.0482098 -0.208818 -0.234115 0.0688483 
0.00293503 0.116579 -0.0860457 -0.0833299 -0.17187 0.12128 -0.0651318 -0.0456907 -0.0285757 0.123989 -0.102538 -0.295074 0.002634 0.320771 -0.0567163 0.186894 0.46584 0.344317 -0.154513 0.0462767 0.0433027 -0.312012 -0.429256 0.114692 -0.0918537 
-0.00679559 -0.0507344 -0.145307 0.0927081 -0.0175304 0.013312 0.177772 0.249347 -0.0204167 -0.0417208 -0.0328098 -0.0119703 -0.155488 -0.0880666 -0.0482972 0.339593 -0.0424099 -0.501767 0.0517167 0.0585493 -0.252562 -0.169262 0.605073 0.0354904 0.0310458 
0.0988711 -0.0334876 -0.0812701 -0.0390163 0.133299 -0.12965 -0.0849895 -0.06465 0.0261239 0.161398 -0.0191399 0.440882 0.117791 -0.247742 -0.0580266 0.0230298 -0.397162 -0.481121 0.199233 -0.0607506 0.128698 0.134328 0.394626 -0.0924741 0.0537091 
-0.0316454 -0.156946 -0.02807 -0.096249 -0.0324685 -0.142887 0.123646 0.330665 0.00273686 -0.0878133 -0.0253403 0.135088 -0.289302 -0.159283 0.0685899 0.362852 0.0829526 0.404458 0.333462 -0.122344 -0.291906 -0.109098 -0.363058 -0.127347 0.0663523 
-0.0724335 -0.188968 0.448724 -0.0213801 -0.0304201 -0.0153171 0.0609472 -0.539887 0.0569348 0.0167136 0.027646 0.128145 0.137195 0.238728 0.00160416 -0.027037 -0.176655 0.392713 -0.304291 -0.0786883 0.161993 -0.210514 -0.0679846 -0.0109949 0.0641264 
-0.255528 0.101748 0.333958 0.1247 0.193807 0.0776649 -0.0771138 -0.565755 -0.016325 -0.325404 -0.0336492 0.032893 0.409091 0.0756296 -0.0311436 0.0705604 0.0344021 -0.298129 -0.0573956 -0.047158 -0.0630675 0.114347 0.0765817 0.113856 0.0938104 
-0.246942 -0.0590778 -0.0567797 -0.120702 0.0044497 0.135579 -0.0271068 0.232027 -0.0284456 0.0124112 -0.0140347 0.0880466 -0.0120228 0.246762 0.0849873 0.016913 -0.0825813 -0.591492 -0.35674 -0.0552365 -0.0142292 0.0680587 0.505017 0.142562 0.0104231 
0.0506629 0.0406754 -0.00177051 0.0371672 -0.0902859 -0.0964415 -0.0455752 -0.134673 0.0138531 0.0775496 0.0225112 -0.0256012 0.151218 -0.0409233 0.0602433 0.610846 0.0808652 -0.18633 0.130107 -0.0984946 -0.671403 0.019882 0.114197 -0.0929581 0.0855004 
-0.0172595 -0.0435373 -0.00938407 0.01197 -0.0557976 0.0565498 0.00551413 -0.0636119 0.0179528 -0.00984902 0.0170041 0.103766 0.0799087 -0.0517762 0.0585163 -0.646279 -0.224747 -0.187391 0.161985 0.0309054 0.60581 0.12474 0.206147 -0.0765583 0.0424273 
-0.193477 -0.0151604 0.139182 -0.0677593 0.0133138 0.092889 0.168498 -0.145083 0.00209519 0.180568 0.0438232 -0.0199195 0.0613935 -0.348815 -0.0809433 0.21298 -0.166346 0.373794 0.411592 0.0485908 -0.261231 0.10503 -0.497532 -0.0409836 -0.0139819 
-0.126016 -0.132962 0.23273 0.0572514 -0.267112 0.260093 0.154952 -0.0432455 -0.00493992 0.187426 0.0537647 -0.16722 -0.0528193 -0.106295 0.0226168 0.510744 0.11583 -0.058796 -0.0095408 -0.0677822 -0.598774 0.0330002 0.143137 -0.0188834 -0.0251842 
-0.126493 0.014902 -0.308306 0.0732154 0.111246 0.114747 0.155563 0.148012 0.00486065 0.031274 -0.00342996 -0.264298 0.129088 -0.0517504 -0.0246306 0.307861 0.0418998 0.560752 -0.0478162 -0.0741013 -0.311451 0.00741668 -0.451775 -0.0208808 0.0234747 
-0.294523 0.191119 -0.0532902 0.130129 -0.114867 0.0127522 0.38309 -0.286917 0.123077 -0.208651 0.00132774 -0.0404941 0.0473429 -0.102705 0.193541 -0.22271 -0.232715 0.00864702 0.317316 0.0334392 0.400194 0.0178491 0.0528043 -0.32534 -0.170884 
-0.0735207 -0.0236877 -0.004812 -0.0180914 0.0347555 0.0533665 -0.0805254 0.0896245 -0.0105441 0.0311042 -0.0314121 0.0311995 -0.0932615 -0.135605 -0.117675 -0.296627 0.173756 -0.495816 0.23667 0.133484 0.301776 -0.134367 0.595662 -0.14815 -0.0860743 
-0.0216511 -0.164565 0.128409 0.19579 -0.0825594 0.06257 -0.0688333 -0.272674 -0.0367368 -0.0513375 0.0110285 0.50057 0.084829 0.134212 -0.0258701 -0.237709 -0.569904 -0.0958989 -0.00152559 -0.0360692 0.192644 0.284962 0.009268 0.123967 -0.147263 
-0.0277747 0.0841447 -0.00555691 -0.0300923 -0.150932 0.0181072 -0.136517 0.00672899 -0.00663825 0.152223 0.0237525 0.145994 -0.0604698 0.125439 -0.0962245 -0.626859 -0.113348 0.182811 -0.122647 -0.0224664 0.556743 0.0538038 -0.0452558 -0.211849 0.247234 
-0.021431 -0.0778225 0.223836 0.0545538 0.0630926 -0.11386 0.349349 -0.412459 -0.243935 0.0597764 0.00880906 -0.218618 0.199127 0.132447 0.13032 -0.225719 0.0766653 0.384597 0.022101 -0.105042 0.321758 -0.134158 -0.26688 -0.176251 0.0780248 
CSP_Transform_Matrix_Hex: 25, 25
0.150916 -0.0259701 0.380984 0.100931 0.0500126 0.00926424 0.143478 -0.563431 -0.0541665 -0.0376722 -0.154664 -0.0348031 -0.173182 0.119773 -0.0611503 -0.176439 -0.234556 0.495437 -0.124555 0.0767944 0.202612 0.0600064 -0.014624 -0.0514255 -0.0499699 
0.00613025 -0.0246104 0.0793186 0.0537771 0.00193537 0.0229838 0.249571 -0.167563 -0.00451844 0.012449 0.0918641 0.117828 -0.103839 0.13205 -0.0622912 0.328899 -0.504475 -0.245542 -0.1297 0.0322556 -0.43502 0.288652 0.353777 -0.0151892 0.0768503 
-0.054677 0.0595724 0.268165 -0.0112712 0.024952 -0.0425912 -0.319527 -0.30455 -0.00865481 -0.00619509 0.145181 0.284348 0.0102348 -0.0104053 -0.0688784 -0.51569 -0.101871 0.251186 0.0123984 0.0905942 0.495511 -0.0653332 -0.115812 -0.0260621 -0.0739954 
0.0290292 0.0998591 -0.144023 -0.0251119 -0.0640829 -0.0388008 -0.00430044 0.242008 0.00664465 0.105547 0.0285783 -0.115516 -0.43075 -0.121426 0.0183074 0.447363 0.283079 0.0777487 0.297095 -0.0895928 -0.413372 -0.154744 0.189543 -0.232446 0.101289 
0.0592154 0.143449 -0.245711 0.101882 0.261716 -0.183845 -0.0326753 -0.206531 -0.0105318 -0.350419 -0.0221546 0.367613 0.189655 0.191384 0.0487849 0.339215 -0.0127318 0.120714 -0.391021 0.00720228 -0.218115 -0.167611 -0.153355 0.195058 -0.0751771 
0.0966448 0.0302163 0.180412 -0.0157709 -0.212053 -0.0798107 -0.0390352 -0.508376 0.0569938 -0.0753656 -0.00719681 0.0747081 0.477416 0.114049 0.00683844 0.198927 -0.177714 -0.366279 -0.0254658 -0.00807118 -0.224134 0.138427 0.309084 -0.125271 0.0587335 
0.0698005 -0.054725 0.251711 -0.00501056 -0.103393 0.00868739 -0.0761323 -0.23287 0.00525404 -0.0523388 0.0128763 0.00528561 0.113169 -0.0635859 0.0874134 0.521296 0.113902 -0.231016 0.238411 0.0223633 -0.612697 0.157612 -0.173728 -0.0268597 -0.0627296 
-0.0467761 0.21223 -0.102885 0.0340815 0.0897974 0.056958 -0.358294 0.104374 -0.00293381 -0.133772 -0.0360096 0.26464 -0.00271097 -0.124253 0.0287134 -0.212273 -0.200237 -0.53375 0.262537 -0.116021 0.246367 0.103521 0.40134 0.00228999 0.00436885 
0.082464 0.0531078 -0.430918 0.111388 0.268165 -0.0155546 0.181512 0.173704 -0.0300378 -0.237766 0.053531 -0.412941 0.341225 -0.135707 0.0463145 -0.0555475 -0.0110877 -0.186685 0.236354 0.0812841 -0.126009 0.387152 -0.146157 -0.0391219 -0.0019527 
-0.0670445 -0.029336 0.119447 -0.019444 0.0274718 0.0429104 0.0430669 -0.344342 0.000625708 0.0407148 0.0119177 0.058392 0.283151 -0.00770145 0.050595 0.371183 -0.110731 0.444355 -0.0534942 -0.0797323 -0.327912 -0.0112532 -0.53516 0.134292 -0.0134833 
-0.208948 0.0606529 0.0375224 0.0405157 -0.0321437 0.269241 -0.265174 -0.100069 0.0544549 0.0925539 0.0177641 0.117195 0.291701 -0.079871 -0.179797 0.0692475 0.0704543 0.195267 -0.162297 0.210705 -0.371189 0.235347 -0.525728 0.2403 -0.0212371 
-0.0869328 -0.0556755 0.194772 -0.0748974 -0.00670992 0.0521377 -0.193778 0.0183031 0.0284104 -0.107817 -0.0471838 0.320949 -0.0821058 -0.114731 0.00280521 -0.352816 -0.286158 -0.303179 0.0578521 0.133992 0.565282 0.0314625 0.339316 0.0782629 -0.0786909 
-0.0485099 0.0536427 -0.102349 -0.0561671 -0.106261 0.0255124 0.108522 0.0773839 -0.00464521 0.038113 -0.0306259 -0.132128 -0.0035991 -0.0419039 -0.0755762 0.480792 0.0526347 0.487278 0.123446 0.155844 -0.37265 -0.099239 -0.494998 -0.043436 -0.132504 
0.0378274 -0.074912 -0.0961001 -0.0382124 0.00905826 -0.0523415 0.019026 0.196532 -0.0372409 -0.0091862 0.0221551 0.137506 -0.193913 -0.0516269 -0.00161122 -0.226967 -0.00648149 -0.579307 0.152843 0.0601652 0.14164 -0.0965947 0.657551 0.0392542 -0.0432855 
-0.0220522 0.0540666 -0.130635 0.0465922 -0.0458493 0.132187 -0.067084 -0.0585598 -0.0173971 0.109413 -0.000499382 0.0958888 0.0966384 0.106675 -0.00226213 -0.635526 -0.127749 -0.159105 -0.0716915 0.0553709 0.64645 0.0374246 0.165348 -0.0654521 -0.054779 
-0.0824483 0.0216139 0.0556133 0.0116169 0.133907 0.0785407 0.128756 -0.104663 -0.0170552 -0.10676 -0.0214088 -0.350207 0.0134679 0.163781 -0.0140149 0.266647 0.450659 -0.358677 -0.218831 0.0424355 -0.189132 -0.338162 0.402956 0.10409 -0.00423252 
0.041079 -0.260911 -0.00377132 -0.0379708 0.0791582 0.106017 0.377806 -0.0615827 -0.0461095 -0.114322 -0.00266063 -0.313294 0.198492 -0.0192154 -0.162726 -0.438646 0.210293 -0.155515 0.188786 -0.0592157 0.51024 -0.0570278 -0.135331 0.0502144 -0.027286 
0.0373333 0.0323866 -0.0149705 -0.00686007 -0.0856254 -0.116992 0.243333 -0.079625 0.0481813 0.0777907 0.00834794 -0.26516 0.0464572 0.029401 -0.00432822 -0.561223 0.184481 -0.0749875 -0.20948 0.0395696 0.574117 -0.0387763 -0.0316494 0.286372 -0.12134 
-0.0584835 -0.0519862 -0.131033 0.067671 -0.0962218 0.00207878 0.0789828 0.23543 -0.0599552 0.182323 0.00697943 -0.118921 -0.00827525 -0.10153 -0.0104876 0.0650166 0.0663823 -0.642969 -0.0581776 -0.0188177 -0.0400425 -0.0220554 0.638513 0.0634167 -0.00965917 
-0.153083 -0.0765348 0.125612 -0.020186 0.200992 -0.15417 0.161024 -0.221797 0.0252539 0.136608 -0.0175975 0.0856201 0.164097 -0.262288 -0.113014 0.242967 -0.176525 -0.403605 0.412151 0.144248 -0.161196 0.186832 0.300619 -0.23464 -0.172377 
-0.328466 -0.126536 0.0704935 -0.144585 0.0155952 0.133511 0.410438 0.0171089 0.0240298 -0.107079 0.045657 -0.136655 -0.197871 -0.10885 0.0989209 -0.387954 -0.064642 -0.0943323 0.272407 -0.098417 0.269564 0.060813 0.281559 -0.349642 0.210831 
-0.0484668 -0.0135038 -0.0481205 -0.406221 0.0253094 0.114265 0.0621879 0.139088 -0.000883773 -0.037295 0.0120646 -0.133876 -0.123722 0.206392 0.00214697 0.0491303 -0.00880466 -0.351431 -0.402505 -0.00272997 -0.112547 0.129909 0.418554 0.353934 -0.312803 
0.237808 0.196513 0.125438 -0.463255 0.0575418 -0.101022 -0.259855 -0.312945 -0.10871 0.212982 -0.00963614 0.101215 0.4017 -0.19713 -0.0655749 -0.101406 0.0160275 0.0410105 0.225655 0.0145551 0.0244696 0.040916 -0.291036 -0.158779 0.218942 
-0.107367 -0.042713 0.522043 0.24904 -0.0842599 0.0861298 0.111359 -0.306335 -0.141394 -0.142562 0.0170369 -0.18075 0.172942 -0.15033 0.104959 -0.0100115 0.140541 0.265701 0.295003 -0.00763209 -0.0219659 0.0349798 -0.410783 0.0351862 -0.212874 
-0.131816 -0.0119194 0.122982 -0.0670612 -0.0388741 -0.105907 0.0709346 -0.134528 -0.201103 0.0129054 0.00195434 0.0137829 0.0481941 0.60283 -0.00274552 -0.197149 -6.88401e-005 0.227202 -0.522644 -0.00991685 0.182648 0.10025 -0.287266 0.151548 0.0884565 
CSP_Transform_Matrix_Hex: 25, 25
-0.145263 0.0167521 -0.395722 -0.0823154 0.133411 0.0720033 0.227943 0.518662 -0.0673851 -0.0499559 -0.0562522 -0.295746 0.31464 -0.123721 -0.0581656 -0.113711 -0.0386741 -0.367992 -0.0174483 0.136675 0.259923 0.063591 -0.0879953 0.0863121 0.0177274 
0.0800251 -0.0213204 0.136422 -0.0582529 0.0330795 -0.249476 -0.0646039 -0.0727478 0.0152935 -0.0947278 0.0376876 0.378156 -0.0770337 0.0293695 -0.0333317 0.356928 -0.211712 -0.344159 -0.173316 -0.0188781 -0.252535 -0.133542 0.572758 0.0742485 0.0238708 
0.0624829 0.0205836 -0.0568846 -0.0146144 0.00726378 0.025268 0.0735794 -0.442734 -0.012873 -0.006386 0.0145481 -0.148731 0.581089 0.151787 -0.0347109 -0.378274 -0.274366 0.159024 -0.202004 0.0220898 0.280742 0.193598 -0.0090197 -0.033246 0.0567706 
0.00679352 0.0984387 0.0706135 -0.174381 0.109781 -0.0951168 -0.114973 -0.0873276 -0.0295999 -0.257971 0.00675017 0.0303687 -0.0793737 -0.270004 0.00931626 -0.380482 0.0675113 0.226046 0.543273 0.0330705 0.40192 -0.0981926 -0.176101 -0.255464 -0.0335713 
0.0621052 0.0511477 0.239857 -0.0518318 0.000670364 0.0443721 -0.0703474 -0.354912 0.0112924 -0.182332 -0.207877 -0.00906734 0.171437 0.20267 -0.00433408 0.45662 0.158127 0.389028 -0.193534 0.0283073 -0.310576 -0.184801 -0.310183 -0.0518746 0.0256415 
0.101212 -0.0251753 0.181516 0.022343 0.00626158 0.0562842 -0.130206 -0.399069 -0.00543385 -0.0779994 0.0560645 0.367013 0.312552 0.138997 0.0388024 -0.206113 -0.366392 0.302513 -0.0564761 -0.0630815 0.0280523 0.101607 -0.46996 0.00122566 0.0800348 
-0.0953401 -0.0781284 0.190908 0.0148811 -0.239301 0.000840661 -0.386459 0.255768 -0.0429193 0.0459277 -0.0248669 0.203831 -0.0491023 -0.237836 -0.05886 0.107672 0.207655 -0.00903353 0.598938 0.132966 -0.025099 -0.240583 -0.125303 0.00276707 -0.249251 
-0.296351 0.0772414 0.149415 -0.0546995 0.043345 0.280181 -0.426427 -0.235379 -0.0202705 -0.198531 0.0787455 0.411461 0.335195 -0.0516745 0.124199 0.165438 -0.117298 -0.311946 0.113082 -0.212955 -0.101798 0.0403732 0.08864 -0.00413855 -0.0323702 
0.0439867 -0.0025536 -0.132237 0.0273647 0.0490889 -0.0248287 0.0310694 0.232738 -0.0212148 -0.0295467 -0.0565197 0.0421786 -0.17532 -0.12909 0.087714 -0.344324 -0.114729 -0.428371 0.136402 -0.182863 0.404309 -0.0404926 0.570286 0.0503902 0.0115649 
0.023118 0.0305429 -0.297251 -0.0510168 -0.0290672 0.0141627 -0.132315 0.423617 0.0243704 -0.00247369 0.0365495 0.092252 -0.176523 -0.0821573 -0.0497959 -0.333129 0.187863 -0.527434 0.0426765 -0.0110469 0.0366214 0.109941 0.42296 -0.0281921 0.19803 
-0.119334 0.0287135 0.0153896 0.00806675 0.0510932 0.0675378 -0.161801 0.105126 -0.00989786 0.16313 -0.0159736 0.20688 -0.183151 -0.123205 -0.067413 0.282019 -0.265341 0.63658 0.0537632 -0.0715868 -0.284542 0.0091901 -0.281962 -0.24281 0.18574 
-0.00520455 -0.0357884 0.184945 -0.0497323 -0.0242848 0.06624 0.0441252 0.114054 -0.00298572 -0.105094 0.0183493 -0.0893658 -0.292861 0.109649 -0.023883 -0.593765 -0.0927707 -0.112896 -0.0184099 -0.0230118 0.568042 0.0936241 0.308264 -0.0994019 0.114985 
0.0401099 -0.0179246 -0.164681 -0.0067943 -0.0155321 -0.0123559 0.313817 0.153372 -0.0106222 -0.0154858 0.024764 -0.499478 -0.0944974 0.225804 -0.00384066 0.299799 0.473361 0.0676349 -0.192078 -0.071361 -0.336205 -0.248725 0.0397549 -0.0279024 -0.0190041 
0.0169818 -0.0964912 -0.0334429 0.0324916 0.190278 -0.0895497 -0.157181 0.175445 0.0351955 -0.0999919 -0.0165737 0.0747067 0.000969131 0.0844878 0.015801 -0.466631 0.10921 0.322986 -0.31677 -0.0492624 0.536836 0.00931446 -0.346765 0.108825 -0.0830856 
-0.0687935 -0.14607 -0.0308554 0.0360012 -0.032878 0.0131924 0.27931 0.0151758 0.00256668 -0.0268644 0.0190332 -0.0129902 -0.0790855 -0.149689 0.0310182 0.139188 0.0916685 0.667751 0.16137 -0.0583113 0.00342588 -0.269435 -0.505676 -0.108014 0.134947 
-0.171783 -0.0511486 -0.0296908 0.0232505 0.283375 0.12641 -0.0203311 -0.0285819 -0.0351148 -0.0812078 0.000909568 0.0993337 -0.113614 0.163518 -0.0681848 -0.314744 0.100471 -0.351612 -0.184451 0.0884613 0.37833 -0.300338 0.53897 0.0865533 -0.0315751 
-0.010849 0.000957544 0.251012 0.0143588 0.134839 0.0302679 -0.0374008 -0.00241865 -0.00974262 0.0375273 0.0608388 -0.219463 -0.0103473 -0.51071 0.0404301 0.192955 0.428581 0.208224 0.238891 0.0481609 -0.432318 -0.147234 -0.153207 0.15625 -0.141804 
-0.0447013 -0.0923061 0.155827 -0.039207 -0.206577 0.0797917 0.0207186 0.0231536 -0.0134256 0.108182 -0.0130973 -0.14822 -0.0841893 0.135257 0.00301672 -0.297387 0.191076 -0.247073 -0.488809 -0.00996144 0.342123 -0.260627 0.438091 0.209199 0.0924719 
-0.117498 -0.153533 0.132836 -0.00170025 -0.0484768 0.126282 0.395636 -0.205294 0.0757173 0.016021 -0.00287997 -0.0522385 0.0462086 -0.204786 -0.128108 -0.351295 -0.377991 -0.101416 0.104493 0.170142 0.290701 0.296657 0.170705 0.0979261 -0.362095 
-0.0635139 -0.143633 0.201246 0.0195171 0.041456 -0.0369813 0.161607 -0.133217 -0.010733 -0.0172525 -0.00277968 -0.0682111 0.100725 -0.149449 0.0309987 0.291054 -0.0856696 -0.427658 0.380596 -0.0344573 -0.366434 0.220071 0.314268 -0.356628 0.139117 
0.0496249 -0.0460205 -0.0328892 0.0880609 0.0803967 0.0534987 0.0484327 0.128748 -0.0814356 -0.18392 -0.00915042 -0.0900897 -0.10027 0.0669871 0.0130837 0.610194 -0.0884765 0.0272555 -0.0258047 -0.00208456 -0.692592 0.167409 -0.0133593 0.0736279 -0.00877536 
-0.236395 -0.087253 -0.0690604 -0.336598 -0.0168322 0.0517597 0.197187 0.241158 0.10941 -0.144012 0.0173707 0.0441229 -0.380642 0.267597 0.183418 0.316108 -0.191286 0.256492 -0.253933 -0.0308354 -0.392555 0.0185126 0.104531 -0.000104235 0.0152485 
-0.082292 -0.0534381 0.173434 -0.00823144 0.097961 -0.0407833 0.136762 -0.232944 0.0150777 -0.0733857 0.0135573 -0.188784 0.253231 0.0515011 0.00380595 0.224208 0.185264 0.205044 -0.229825 -0.114522 -0.298401 0.0368113 -0.555349 0.413283 0.0747511 
0.0271962 -0.0990899 0.147071 -0.601066 -0.0142787 -0.0466066 0.191051 -0.152676 -0.186281 0.315234 -0.00751298 -0.0568367 0.0557778 0.227541 -0.0580307 -0.215122 0.00457653 0.200857 -0.223527 -0.00247823 0.218008 0.143301 -0.313525 0.163603 -0.137811 
-0.128762 -0.0059333 0.112488 0.252174 -0.0790013 -0.0777931 0.145547 -0.179991 -0.101826 0.00144311 0.0323284 0.0389989 -0.0102571 0.389969 0.0318628 -0.525951 -0.00446623 0.137171 -0.426181 0.0419244 0.432253 0.0517294 -0.0451109 0.0686588 -0.00426499 
CSP_Transform_Matrix_Hex: 25, 25
0.0250631 0.102521 0.037522 0.0082085 -0.0293338 0.152203 -0.0770233 -0.0598241 0.0276711 0.0575435 0.00266692 -0.183627 -0.550284 0.189823 0.0367479 -0.0426725 0.476423 0.451854 -0.052176 -0.0724114 0.00362222 -0.258685 -0.0770107 -0.195507 0.154361 
0.0581042 0.0434219 0.00808558 -0.00651838 -0.105772 0.185891 -0.389195 -0.0150231 0.0112192 -0.0176708 0.047947 0.302185 0.165047 0.0316315 0.0722767 -0.388716 -0.0722223 0.112545 -0.303406 -0.154204 0.173832 0.167782 -0.404448 0.403066 0.0211168 
0.0544891 -0.0693011 -0.0621765 0.0436165 -0.00639575 -0.0501464 -0.0169252 0.221539 0.00703455 0.0679471 -0.0234255 0.0817555 -0.113012 -0.316852 -0.041201 0.492769 -0.13375 0.163266 0.3305 0.0930532 -0.499378 0.16918 -0.331805 -0.118946 0.0166336 
-0.346967 -0.0200956 0.116987 -0.055149 0.249195 0.346942 -0.308918 0.333443 -0.0189767 -0.1525 -0.0457836 -0.014667 -0.245891 -0.15829 0.0490952 0.16942 -0.104374 -0.19191 0.191086 -0.107791 -0.0128927 -0.125257 0.445251 -0.143522 0.0168351 
-0.185902 0.0482701 0.366239 -0.0468008 -0.241557 0.0412321 0.075497 -0.101869 0.00812254 0.147199 0.17678 0.160149 -0.168928 -0.495623 -0.0751066 -0.24378 -0.225878 0.0102039 0.227653 0.23517 0.0596388 0.0223107 0.0686287 0.269508 -0.305166 
-0.0118252 -0.018249 0.191186 -0.0281827 -0.132954 0.024266 -0.0577978 -0.227745 -0.00330229 0.144729 -0.0384167 0.25771 0.0213442 0.190045 -0.00595914 -0.301413 -0.545992 0.290351 -0.192583 0.0400993 0.317989 0.285269 -0.00585143 -0.253854 0.0657431 
-0.102889 0.0360191 0.128686 -0.0969679 -0.0106921 -0.0779078 0.0666577 0.280121 -0.022602 -0.276383 -0.300608 0.120981 -0.154629 -0.280361 0.134307 0.317204 0.364602 0.22351 0.096219 -0.075662 -0.0254642 -0.31457 -0.38841 -0.0157229 0.1463 
-0.068033 0.124658 -0.353255 -0.0287805 -0.121423 0.294148 -0.191497 0.281497 0.00154512 0.122518 0.0540733 -0.28932 0.152164 -0.3811 -0.027962 0.0255464 0.345251 0.0331425 0.27124 0.124554 0.0249902 -0.0345811 0.0231113 -0.381838 0.0896157 
0.0101611 0.0329217 0.0870222 -0.095777 -0.00650528 -0.141932 -0.126972 -0.15703 -0.0121524 -0.0950551 0.042908 -0.0910263 -0.0623123 -0.0630988 0.0892787 -0.347588 0.287593 0.653002 0.161388 -0.0603905 0.242194 -0.100035 -0.316241 -0.200015 -0.132829 
0.0138111 0.078394 -0.0498825 0.00962674 -0.0558345 -0.0187666 -0.183353 0.109828 -0.0358366 0.0143118 -0.00735102 0.0242483 -0.0906647 0.115895 -0.0670097 0.620804 0.183348 0.0113536 -0.0128885 0.0233497 -0.696283 0.0196231 0.0309555 -0.074305 -0.0461621 
0.10362 0.151279 -0.371607 0.103725 -0.0547948 -0.043806 0.054435 0.375855 -0.0274708 0.0994731 0.0203917 -0.216039 0.0275894 0.109641 -0.00602117 -0.340374 -0.0405688 0.182017 -0.00918967 -0.0879458 0.382226 0.156127 -0.485725 -0.141371 0.11394 
0.148973 0.0810008 0.229055 -0.0646014 -0.105197 -0.106833 -0.482728 -0.16957 0.00774004 -0.0761678 -0.010535 0.549506 0.0442816 -0.116235 0.0589831 0.216028 -0.166636 -0.0187441 0.319044 -0.0496168 0.0663482 -0.315271 0.0287406 -0.137929 0.0279243 
0.119935 0.147072 -0.0319134 0.0261486 -0.0415561 0.162571 -0.34047 -0.00426375 -0.0208569 0.10235 -0.0400331 -0.0987111 0.197149 -0.00108784 -0.11142 -0.492398 0.304365 0.24828 0.177443 0.319803 0.161993 -0.1833 -0.377546 -0.0976963 -0.0471865 
0.0116025 0.0167853 -0.127895 -0.0417368 -0.0836843 0.025933 -0.0433342 0.267467 -0.00282251 -0.037338 -0.023657 -0.0351069 -0.133334 -0.0905536 0.0394315 -0.297289 0.0283548 -0.579171 0.329584 0.0577758 0.330997 0.113392 0.408852 0.00262566 -0.208554 
0.0188993 0.0660442 -0.0706286 0.030004 -0.00912247 0.0477641 0.0150552 -0.167906 0.0221516 0.139655 -0.0634166 0.017412 0.152171 -0.39516 0.0134098 0.309714 -0.235128 0.453295 0.468082 -0.0535255 -0.215041 -0.0178644 -0.347171 -0.0174682 -0.0935868 
0.0556135 0.17161 -0.149784 -0.00759528 0.23918 -0.127672 -0.326984 -0.0015648 -0.0113523 0.0108677 0.00792347 0.337423 0.0558769 -0.113705 0.0205716 -0.266655 -0.213233 -0.492951 -0.0149678 -0.0057294 0.193686 0.187334 0.443436 0.0574163 0.0390649 
-0.0674703 0.0233702 -0.038572 0.0675502 0.0535026 0.0588039 0.047054 -0.273238 -0.0205407 0.0149494 0.0155684 0.0443732 0.238035 0.317699 0.0795194 0.359129 0.075808 0.329605 -0.345764 0.0364655 -0.252375 -0.153964 -0.473644 0.128801 -0.215209 
0.0987452 -0.0155643 -0.259709 0.066543 0.0809263 -0.02966 0.0983991 0.417072 -0.0348614 -0.0230651 0.00845782 0.139665 -0.463306 -0.0149991 0.00420473 -0.208754 -0.131137 0.0659638 -0.0699199 -0.00533729 0.261144 -0.28469 0.515146 -0.0357423 -0.0700628 
-0.0114871 -0.0518753 -0.0495524 -0.0416321 -0.152873 -0.0846405 0.0891371 0.317046 0.0083502 0.204585 0.0681391 -0.148768 -0.190904 -0.10126 0.144866 0.323769 0.234485 -0.276485 0.09551 -0.166622 -0.53914 -0.0218924 0.313381 -0.132001 0.194128 
-0.0076588 0.00914813 0.0548335 -0.0256104 0.0476077 0.0078878 0.0648522 -0.0942515 -0.0313092 -0.220834 0.0300751 -0.0247488 0.0747295 0.103392 0.074154 0.396751 -0.216068 0.401602 0.113129 -0.00103336 -0.47476 0.246469 -0.489909 -0.0292965 0.0504577 
0.160423 0.0637964 -0.0874783 0.00866815 -0.1252 0.00536464 0.217921 -0.0671323 0.0307381 -0.146697 -0.0719927 -0.433836 0.0101587 0.288727 0.0476007 0.241129 0.0342884 -0.197837 -0.456909 -0.00418416 -0.230773 -0.0615041 0.46241 0.119476 0.0281867 
0.0282268 -0.000687802 -0.0244644 -0.0434291 0.0707018 0.0613629 0.0891165 -0.202151 0.0147708 -0.139712 0.0440951 0.2553 0.171928 -0.150856 0.0244055 0.0376069 -0.427936 -0.354455 0.436735 -0.0779299 -0.202931 0.284279 0.209278 -0.340726 0.102441 
-0.224166 0.0126809 -0.280382 -0.042392 -0.161894 0.0437831 -0.13037 0.205957 -0.0452495 0.0152011 0.0220166 0.388997 -0.172294 0.254824 -0.016067 -0.346685 -0.0992775 -0.118884 -0.113909 -0.00266385 0.417749 -0.26 0.238637 -0.0415666 0.273357 
-0.0265349 0.0539771 -0.341031 -0.449814 0.0626914 -0.0620393 -0.118323 0.383978 0.317363 -0.0292444 0.00903063 0.265263 -0.187224 -0.0399326 -0.021459 0.143282 -0.0574624 0.346607 -0.146792 0.0533051 -0.086257 -0.105165 -0.325243 0.0626505 -0.053246 
-0.0829223 0.017689 0.000969749 0.753211 -0.0281361 0.0111381 -0.242964 0.0311805 0.138656 -0.251016 0.0351126 0.25049 -0.0999952 -0.143382 0.054145 -0.0215563 -0.062781 -0.138414 0.24298 0.00720913 -0.0369363 0.0334018 0.252576 -0.181345 0.0551831 
CSP_Transform_Matrix_Hex: 25, 25
0.18663 0.100828 0.114314 0.0345067 -0.0407136 0.150109 -0.0661579 -0.157865 0.0195959 -0.131176 -0.0330965 -0.58833 0.00670782 0.258021 0.0512936 0.257596 0.321027 0.207227 -0.30179 -0.0711153 -0.360598 0.0587531 -0.0430526 0.00913982 0.0963032 
0.311705 -0.0933223 -0.222956 0.0253535 -0.138159 0.0115061 0.405422 0.110564 -0.0446029 -0.015609 -0.169851 -0.231913 0.0653914 0.133589 0.00925761 0.168182 -0.280716 -0.464186 6.20621e-005 0.0773868 -0.121051 0.334585 -0.153057 0.247696 0.0311365 
0.121778 0.148898 -0.008602 0.0466255 0.0253667 -0.0470789 -0.140659 0.152649 0.012302 0.160417 -0.0421503 0.0353002 -0.305841 -0.347311 0.0153964 -0.436298 -0.0924398 -0.050967 0.494279 -0.11597 0.400805 0.0601128 0.157321 -0.151648 -0.0152304 
0.11045 0.00799211 0.0164745 1.76061e-005 -0.104116 -0.0601566 -0.204276 0.338703 0.00223594 0.0804448 0.0884455 0.11854 -0.30994 0.0911357 -0.0259349 -0.230317 0.178094 -0.589504 0.000461923 0.109001 0.325899 -0.0483373 0.353241 -0.0116687 -0.0744651 
-0.0578763 -0.139646 0.291537 -0.0453101 0.0597538 0.109724 -0.100339 -0.0157817 0.000754692 -0.140163 0.078783 0.185499 -0.0600472 -0.030791 -0.010237 0.517232 -0.0969472 -0.0552551 0.175052 -0.171711 -0.655121 0.0190933 -0.142932 0.0759455 0.0583082 
-0.0251567 0.034517 -0.357536 0.0301388 0.102627 -0.00592143 0.0197276 0.291897 -0.0141313 0.0133297 0.0508568 -0.0972542 -0.16726 0.3416 0.0134784 -0.281403 0.212088 0.0779526 -0.585447 -0.157793 0.240239 0.0363823 -0.105581 0.110157 0.189188 
-0.0349138 0.0166772 -0.118204 0.0251969 0.0359028 0.0728682 -0.271684 0.176216 0.00172608 0.0821174 -0.0984106 0.137798 -0.0302387 -0.137037 -0.0191035 0.433118 0.461431 -0.0775849 0.306509 -0.071855 -0.315828 -0.238723 -0.0974684 -0.31315 0.21683 
-0.010065 -0.00307413 0.117326 0.00579786 -0.0209039 0.139808 -0.231172 0.00792952 0.0261005 -0.0506345 -0.0387473 0.221277 0.236566 -0.0930789 -0.00795639 -0.523787 -0.248951 0.0707132 -0.161147 -0.0153589 0.578546 0.123769 -0.233621 0.148172 0.0100708 
0.131214 -0.00482597 -0.198507 0.0173588 0.0725327 -0.0715405 -0.261411 -0.00343571 -0.0444852 0.0570672 0.026643 0.158223 0.366553 -0.37077 0.0309061 -0.135719 -0.280545 -0.215813 0.564503 -0.0833547 0.197265 0.173613 0.0666355 -0.130761 -0.0255742 
0.0933287 -0.122099 0.0279167 0.057569 0.178727 -0.231394 0.274663 0.169992 0.0145111 -0.148726 -0.0314301 -0.390491 -0.0916394 0.0725872 -0.0176201 -0.0206786 0.464638 0.308489 -0.0951517 0.0340269 0.00357413 -0.0843636 -0.450176 0.217277 -0.118301 
-0.0824485 -0.0490743 0.416445 -0.0291288 0.0804576 -0.0320927 0.113956 -0.590226 0.00439766 -0.211442 -0.0107907 0.0356136 0.115719 -0.224688 0.0108939 0.149979 -0.0156828 0.232183 0.290923 0.00306184 0.0631261 0.0959693 -0.389526 0.0218525 -0.104212 
-0.0703462 -0.154587 0.201207 -0.0149801 -0.164168 0.117516 0.0747235 -0.1609 -0.0469875 0.177893 0.0597465 -0.0449086 -0.174251 0.0730349 -0.103655 -0.681383 0.0253116 -0.0133916 0.0376811 0.116782 0.360185 0.258327 0.269799 -0.113865 -0.0997335 
-0.0448093 -0.0607591 0.0928547 0.0196597 0.036883 0.0997462 0.161676 -0.324253 0.00541283 0.165342 0.054732 -0.0308378 0.208477 0.0236591 0.0252931 -0.0499715 -0.124018 0.578095 -0.068659 -0.0215996 0.00101329 0.0190665 -0.631051 -0.0439015 0.0946482 
0.225704 0.0693445 0.107348 0.0515549 -0.0640392 -0.14802 -0.107203 -0.540085 0.00573843 -0.0965659 0.0532252 0.348122 0.251579 0.287377 0.0169381 -0.342045 0.00165885 0.0963517 -0.309433 -0.0373795 0.21467 -0.138529 -0.0895012 0.15346 0.0326635 
-0.0505074 -0.127738 0.00621716 -0.0595033 -0.191885 0.0354347 0.337529 0.163379 0.00172868 0.00643049 0.00175663 -0.26116 -0.223168 0.115786 0.169329 -0.0541014 0.291374 -0.243149 -0.168712 -0.205404 0.210851 -0.335558 0.431077 0.261709 -0.0987203 
-0.114476 0.0179106 0.0812893 -0.00907557 0.00758403 0.0647145 -0.148263 0.0636781 -0.0478478 -0.0477483 0.0357702 -0.268595 0.169217 -0.039773 0.0595963 -0.326814 0.634318 -0.489095 0.0253339 0.0253508 0.148085 -0.111198 -0.010246 0.209374 -0.0997039 
0.0137237 0.120713 -0.428782 -0.0276668 0.00897804 0.165118 0.183638 0.0700532 0.00458356 -0.088187 0.0139795 -0.360538 0.298372 0.123759 -0.113887 -0.178576 0.222516 -0.00469705 0.165107 0.113323 0.27562 -0.0660847 -0.40362 0.144923 -0.305907 
0.0192732 0.0397457 0.0252463 0.0446851 0.171509 -0.0149952 0.0190368 -0.248551 0.0070939 0.183966 0.0127739 -0.0719918 0.360275 -0.0183314 -0.0580133 0.192193 0.0342558 -0.428279 -0.317616 0.0132235 -0.311654 0.226775 0.0952467 0.458227 -0.201762 
-0.0592568 -0.0432187 -0.0655412 0.0735799 0.206679 0.0829903 0.0720781 0.0853583 0.0158183 -0.149918 -0.0127376 0.022245 -0.171651 -0.00215356 -0.00823727 -0.308596 -0.0831239 -0.440328 -0.014818 0.00468649 0.366883 -0.133591 0.647785 -0.0132511 0.0372168 
-0.0782947 0.0747858 -0.101825 0.0476932 -0.0833911 0.0602054 -0.256505 0.288887 -0.00113408 0.112185 0.046173 0.0303083 -0.241847 -0.31861 -0.086538 -0.00678511 0.413387 0.154488 0.0424934 0.0348305 -0.00429411 -0.399161 -0.165555 0.471312 0.161137 
-0.0584123 -0.0919788 0.235816 0.0397757 -0.182611 -0.0949774 0.152118 -0.2742 0.033983 0.214183 -0.0766398 -0.19624 0.204879 0.299721 -0.116099 -0.228917 -0.0477381 -0.0427433 -0.40424 -0.0169678 0.44362 -0.104508 0.129027 -0.134538 0.301442 
0.140057 -0.0240332 -0.00125322 -0.00150058 -0.00242341 0.0152034 0.0923368 0.0112086 -0.0101512 0.171882 -0.0365198 -0.23535 -0.144191 -0.151676 -0.102856 0.162148 0.392456 0.423821 -0.254261 0.0958662 0.01412 -0.556495 0.0148617 0.157786 -0.247767 
-0.0860815 0.0362212 0.199206 0.0462925 0.0619573 0.0707027 -0.337338 -0.210309 -0.0863568 -0.0262633 -0.0891156 0.209916 -0.079613 0.403837 0.0158431 -0.0365033 0.0289631 0.425529 -0.290482 0.0315912 0.319994 -0.335922 -0.175824 0.129219 -0.14589 
-0.0877801 0.0267656 -0.121645 -0.0812501 -0.104255 0.0792177 -0.558716 -0.0507471 0.379752 0.0214382 -0.00174973 0.439147 -0.0618136 -0.159588 0.057128 -0.0354635 0.114228 0.178207 0.144462 0.086652 0.0797397 -0.18738 -0.194749 0.105129 -0.321447 
-0.0207058 -0.0222293 -0.0873986 0.88641 -0.0952737 0.0285001 0.0357369 0.0824615 0.00376973 -0.084223 0.0351452 -0.00747402 0.0260058 -0.132718 0.030486 0.171264 -0.0317724 -0.0350972 0.23035 0.0270827 -0.221647 0.0786745 -0.0239702 -0.108296 -0.0845238 
CSP_Transform_Matrix_Hex: 25, 25
0.0508898 0.0709533 -0.216938 0.0147506 -0.0573274 0.0895306 0.0623098 0.0270981 0.0157438 -0.0271404 0.0466181 -0.434794 -0.244622 0.262107 -0.0637687 -0.0678582 0.535929 0.0957706 -0.449985 0.130463 -0.0601743 -0.149445 0.183706 0.155083 0.0104477 
-0.114414 -0.268216 0.231128 -0.0348487 0.0569998 -0.0608553 -0.106946 0.0240403 -0.030328 0.0879797 0.0618681 0.54253 -0.0292831 0.0489007 -0.117519 0.0968069 0.144917 -0.0154448 -0.342813 0.048105 -0.0252161 -0.380735 -0.279351 0.327682 0.189811 
-0.00528326 0.10795 0.298029 0.0389424 0.168948 -0.0353883 -0.24554 -0.486421 0.00470727 -0.068844 0.0113603 0.118949 0.148531 0.137916 -0.0240035 0.275382 0.109705 0.236246 0.0378663 -0.00923497 -0.408492 0.141011 -0.42236 -0.00459875 -0.0152305 
0.0403073 -0.0292829 -0.0575717 -0.00626765 -0.0916815 -0.234855 0.131432 0.19458 -0.0126391 -0.183538 0.29826 -0.110699 -0.0246 0.129684 0.0198152 0.286619 0.272491 -0.373405 -0.00541935 -0.0495839 -0.618568 0.0474541 0.140174 0.0982646 -0.100436 
0.0406604 0.160365 -0.241104 -0.0178856 -0.104817 -0.148239 -0.446821 0.0537932 0.0053941 0.0377581 -0.00868475 0.475454 0.130656 0.214272 -0.0119372 -0.331949 0.0332867 -0.075056 0.00927075 0.0850065 0.353979 -0.12992 0.00841986 -0.316532 0.145858 
0.13137 -0.0403257 0.0817321 -0.012512 -0.0923487 -0.0450891 0.115932 -0.0411877 0.0147471 -0.0762495 -0.0761784 -0.324668 0.245658 0.17257 0.023409 0.430087 0.0378445 -0.0145077 -0.266494 0.00507292 -0.668672 0.0939701 -0.0282175 0.11129 0.117747 
0.156117 0.0697716 -0.0455253 0.0478842 0.0362606 -0.220679 -0.099304 0.249944 -0.061019 0.098423 -0.0407827 0.0178754 -0.384637 -0.0579494 -0.0314756 -0.265145 0.309819 -0.0259562 -0.306982 -0.11997 0.264774 -0.259301 0.468221 0.209462 0.0177976 
0.313271 -0.141886 0.0149399 0.00284959 -0.196428 -0.207627 0.103058 0.151921 -0.016663 0.20229 0.0133201 -0.224378 -0.100192 0.146558 0.024501 -0.281729 0.0962812 -0.453708 0.219243 0.134142 0.15667 0.434304 0.0293119 0.00755003 -0.260057 
0.0670065 -0.0258396 -0.0704244 -0.00759123 -0.0952976 0.0361513 0.0852346 0.204016 -0.0283071 0.0501264 -0.00369347 0.0287689 -0.300997 -0.202146 0.00886633 0.430439 0.000212562 0.0518891 0.422493 -0.0792596 -0.521092 0.112943 -0.103831 -0.307249 0.180625 
-0.178008 -0.0218809 -0.365057 0.0225308 0.163382 0.120746 -0.0587479 0.470288 0.0161008 0.48067 0.0569541 -0.342044 -0.0995448 -0.14217 -0.0903315 0.0623897 0.195791 0.190616 0.0613281 -0.0441841 -0.229158 -0.0603917 0.0345772 -0.167975 0.0921757 
-0.105767 -0.213162 0.383999 -0.0161129 0.15038 -0.0861543 0.0721508 -0.30656 -0.00756844 -0.0574748 -0.0143536 -0.0525397 -0.0183209 -0.413971 -0.0677221 0.0815889 0.124487 0.16923 0.4261 0.12791 -0.166001 0.0173561 0.222774 -0.370039 -0.143833 
-0.285473 -0.122304 0.00115321 -0.0570914 -0.110642 0.110315 0.0395351 0.0397653 0.00449129 -0.0349285 0.118643 0.165169 0.0912758 -0.160113 0.0966195 -0.59019 0.302678 -0.406986 0.222454 -0.0821124 0.152325 0.151246 0.119417 0.240634 -0.082358 
-0.0121174 0.0240161 -0.0335805 -0.000130721 0.0153749 0.0444386 -0.16108 0.101567 -0.00355328 -0.0401089 -0.00396917 0.0395138 -0.015975 -0.0390709 0.00870167 0.265115 0.26119 0.583954 -0.0356289 0.0635089 -0.233262 -0.220267 -0.532627 0.149866 -0.246429 
0.133865 -0.00335831 -0.393369 0.0497586 0.14204 0.0505613 0.0128739 0.418912 0.0372926 -0.206874 -0.0482289 -0.28504 0.248239 -0.115136 -0.0739861 -0.229021 0.213671 -0.432452 0.195443 -0.000980055 0.232231 0.166653 -0.115173 0.00808177 -0.00043407 
-0.0481662 0.0149074 0.208274 -0.00775938 -0.0267253 0.112967 -0.167354 0.27065 -0.0188189 -0.0302554 0.000672952 -0.167822 -0.376162 0.240873 0.0117912 -0.360542 0.284703 -0.253903 -0.301289 0.00724668 0.312781 -0.0618837 0.363793 -0.0728014 0.0674258 
-0.0798477 -0.0784399 -0.00708073 -0.0279868 0.00289268 -0.116201 0.29804 0.0175411 0.0611391 -0.0285994 -0.0210201 -0.28249 -0.173916 0.40097 0.0605059 -0.015429 0.273737 0.403783 -0.428793 -0.0980802 0.079791 -0.0807736 -0.354554 -0.0370084 0.181235 
0.0484851 -0.0579699 -0.10046 0.0040546 0.00332354 0.0209997 0.145613 -0.0833735 0.00610242 -0.0352519 -0.0241271 -0.107297 0.0238766 0.365861 0.0431867 0.348042 0.336833 -0.185287 -0.352166 -0.0824025 -0.154725 -0.430574 0.436428 -0.00762536 -0.0794711 
-0.0148132 -0.0251788 0.078936 -0.0226192 -0.183465 0.0228638 0.367385 -0.308934 0.00165419 0.228582 0.00347233 -0.179255 0.217466 0.322371 -0.153818 -0.271114 -0.04454 0.179028 -0.455263 0.145707 0.152938 0.163211 -0.247962 0.0386942 -0.139625 
-0.0679546 0.0639578 0.00678056 0.00482163 -0.0747149 0.124452 -0.355407 -0.114119 -0.0820995 0.0595807 -0.00972635 -0.185084 0.337039 0.264531 0.0743342 0.0801103 0.517712 -0.323514 -0.2126 -0.0869518 -0.107814 0.0310318 -0.327327 0.206598 -0.0529133 
0.0936817 -0.0445537 -0.0616685 0.0615386 0.152631 0.0693929 0.0661463 -0.197895 0.00519784 -0.159176 0.0122596 0.222147 -0.152042 0.329736 0.037949 -0.547498 -0.362114 0.0300751 -0.135664 -0.0262651 0.431944 -0.0246622 0.229162 0.0334666 -0.100765 
-0.0766836 0.0311191 -0.212038 -0.001336 0.135279 -0.0753331 0.114703 0.360325 0.0103648 -0.0433674 -0.018744 -0.0720004 -0.227702 -0.161071 -0.00143768 0.146933 0.254268 -0.591978 0.222195 0.104631 -0.149939 -0.0826678 0.340824 0.139047 -0.184653 
0.0537832 0.035842 0.239354 -0.0304087 -0.194706 0.00122749 -0.0697759 -0.125133 0.00823492 -0.021994 -0.0463801 -0.201858 -0.195633 -0.162175 -0.0099888 -0.0740477 0.379982 0.126687 0.524737 0.0307634 0.242744 -0.491106 -0.0136086 0.0687829 -0.154293 
-0.214557 -0.0742658 -0.111824 -0.0842845 -0.00469232 0.0315102 0.0685483 0.302363 -0.0978151 -0.267781 -0.0921428 -0.0570119 -0.238217 0.582316 -0.0287353 0.218153 -0.184402 -0.30833 -0.0740416 0.0609049 0.00602097 0.103399 0.375697 -0.0564559 -0.0332645 
0.0164943 -0.0363655 -0.101319 0.0883047 0.137118 -0.0334032 0.503286 -0.140402 -0.206107 -0.0017845 0.0172242 -0.461872 0.286868 0.171568 0.0253618 -0.105663 0.138183 0.285274 -0.128292 0.000740992 0.0589473 -0.0438365 -0.418395 0.0563904 0.0848959 
0.0923011 0.0359821 -0.0143717 -0.906686 0.130778 0.00648268 0.031947 -0.0748398 -0.0168565 0.0523567 -0.00688643 -0.0788319 0.0930769 -0.023153 0.00274939 -0.117984 0.0398793 0.159717 -0.102317 -0.0386844 0.102979 -0.0153399 -0.190864 0.144297 -0.0675511 
Model_F: 8
3 4 5 6 11 12 21 22 
Model_Training_Feature_Hex: 144, 8
1 -1.29593 -1.57213 -1.71138 -0.863328 -2.16716 -0.911735 -1.56628 -1.90026 
1 -0.967841 -2.15201 -1.11817 -1.09706 -1.92303 -1.31718 -1.85722 -1.65431 
1 -1.16203 -1.87783 -1.16352 -1.81346 -2.23281 -1.74392 -1.60018 -2.22966 
1 -0.949806 -1.87818 -1.19805 -1.13468 -2.44332 -1.64367 -1.78395 -2.15222 
1 -1.74541 -1.56294 -1.02474 -2.00294 -2.60267 -1.9771 -0.556824 -2.93304 
1 -1.10423 -1.87731 -1.70635 -1.68069 -2.49784 -1.73942 -0.872117 -1.94687 
1 -0.963158 -2.23802 -0.744152 -1.65008 -2.43326 -1.45034 -1.19937 -1.76343 
1 -1.29506 -1.40749 -1.35723 -2.09458 -2.05537 -1.91338 -0.545084 -1.87723 
1 -1.08123 -2.57164 -0.674867 -1.82555 -2.47311 -2.32767 -0.583892 -2.36149 
1 -1.12229 -1.56889 -1.15456 -1.48193 -1.86532 -1.3812 -0.721463 -1.57397 
1 -0.981795 -2.02902 -1.06699 -1.74073 -1.85283 -1.80585 -0.737135 -2.28159 
1 -0.985554 -1.02469 -1.32101 -1.79337 -2.63555 -1.9431 -0.828362 -1.88881 
1 -1.29593 -1.57213 -1.71138 -0.863328 -2.16716 -0.911735 -1.56628 -1.90026 
1 -0.967841 -2.15201 -1.11817 -1.09706 -1.92303 -1.31718 -1.85722 -1.65431 
1 -1.16203 -1.87783 -1.16352 -1.81346 -2.23281 -1.74392 -1.60018 -2.22966 
1 -0.949806 -1.87818 -1.19805 -1.13468 -2.44332 -1.64367 -1.78395 -2.15222 
1 -1.74541 -1.56294 -1.02474 -2.00294 -2.60267 -1.9771 -0.556824 -2.93304 
1 -1.10423 -1.87731 -1.70635 -1.68069 -2.49784 -1.73942 -0.872117 -1.94687 
1 -0.963158 -2.23802 -0.744152 -1.65008 -2.43326 -1.45034 -1.19937 -1.76343 
1 -1.29506 -1.40749 -1.35723 -2.09458 -2.05537 -1.91338 -0.545084 -1.87723 
1 -1.08123 -2.57164 -0.674867 -1.82555 -2.47311 -2.32767 -0.583892 -2.36149 
1 -1.12229 -1.56889 -1.15456 -1.48193 -1.86532 -1.3812 -0.721463 -1.57397 
1 -0.981795 -2.02902 -1.06699 -1.74073 -1.85283 -1.80585 -0.737135 -2.28159 
1 -0.985554 -1.02469 -1.32101 -1.79337 -2.63555 -1.9431 -0.828362 -1.88881 
1 -1.25307 -1.57955 -1.02563 -1.5448 -2.16105 -0.573082 -1.13883 -2.73074 
1 -1.19206 -1.34727 -0.783663 -1.61976 -1.86718 -1.40845 -1.23523 -1.57207 
1 -1.05581 -1.77408 -1.78807 -1.7201 -1.97693 -1.43627 -0.849315 -2.40313 
1 -1.3196 -1.48376 -1.54523 -1.68934 -1.70753 -1.53082 -0.962484 -2.0827 
1 -1.20154 -1.57319 -0.85108 -1.40763 -2.27917 -2.20722 -1.1111 -2.17446 
1 -1.24874 -2.42487 -1.39137 -1.66275 -2.21393 -1.11271 -0.63388 -2.29892 
1 -1.69579 -1.94763 -1.21822 -1.61032 -1.53175 -1.30258 -1.24364 -1.73298 
1 -1.39596 -1.61271 -1.35138 -1.02591 -2.28806 -1.41456 -0.616193 -1.78259 
1 -1.30194 -1.64498 -0.723197 -1.90014 -2.48013 -1.62582 -1.02995 -2.04221 
1 -1.38048 -1.29963 -1.29115 -1.29 -1.8367 -1.91799 -0.43513 -2.78488 
1 -1.73735 -1.70607 -1.24025 -1.63029 -1.6845 -2.11992 -0.837031 -2.02764 
1 -1.67402 -2.16163 -1.74945 -1.82269 -1.92922 -1.17847 -0.789039 -1.73537 
1 -1.09318 -1.68252 -0.524753 -1.77472 -1.79028 -1.80369 -1.64196 -1.65331 
1 -2.03925 -1.47824 -0.377823 -2.11357 -2.72177 -1.38191 -0.308791 -3.18399 
1 -1.44422 -1.82267 -1.11677 -2.07752 -1.83837 -2.26492 -1.21951 -2.31634 
1 -1.44502 -1.73818 -1.29655 -1.6387 -1.92684 -1.19386 -0.579145 -2.3943 
1 -0.69796 -1.67765 -1.25662 -1.53267 -1.50632 -1.77459 -0.82882 -2.13787 
1 -1.00652 -1.91788 -0.984663 -1.62066 -2.30215 -1.45223 -0.970756 -2.1237 
1 -1.56142 -1.12887 -0.752581 -2.80586 -2.81355 -1.0852 -1.0689 -1.83556 
1 -0.965603 -1.87966 -1.01475 -1.60669 -2.04533 -2.30013 -0.356679 -2.63402 
1 -1.36307 -1.43233 -0.944382 -1.96718 -2.11109 -1.67088 -0.614497 -1.70459 
1 -0.938654 -1.36928 -0.868495 -1.53268 -2.52159 -2.36327 -0.559918 -2.29857 
1 -1.24462 -2.06074 -0.482126 -2.57019 -2.25048 -1.47141 -0.308144 -2.70463 
1 -1.73975 -1.31963 -0.815512 -2.0014 -2.86357 -1.58387 -0.871517 -1.77652 
0 -1.98723 -1.75296 -2.46119 -0.480809 -3.57368 -0.373165 -1.88203 -1.3355 
0 -1.99175 -1.35212 -2.06096 -0.378221 -3.20783 -0.712823 -1.94758 -1.85499 
0 -2.12441 -1.62583 -1.48839 -0.60783 -2.75812 -0.749882 -2.38271 -1.62661 
0 -2.17108 -0.84589 -1.95797 -0.827892 -3.741 -1.2857 -1.50307 -1.24182 
0 -2.23078 -1.19065 -1.89248 -0.684962 -4.2041 -1.15531 -1.89574 -1.38995 
0 -1.52848 -1.33158 -1.20672 -1.14137 -2.68687 -1.41663 -0.920684 -1.62732 
0 -1.8727 -1.59335 -2.38678 -0.447341 -4.42193 -2.37555 -2.00377 -1.2554 
0 -1.71266 -1.53971 -1.97481 -0.903422 -2.96045 -0.835586 -1.58396 -1.17008 
0 -2.4124 -1.31769 -1.26322 -1.22855 -2.66664 -0.927362 -1.16146 -1.69537 
0 -1.89076 -2.07397 -1.74958 -1.01634 -2.63943 -0.929544 -1.20036 -1.93993 
0 -2.06028 -1.41262 -1.6537 -0.756073 -3.33712 -1.28265 -2.60567 -1.32515 
0 -1.78745 -1.00389 -1.38624 -0.969579 -2.78892 -0.657754 -1.3113 -1.10887 
0 -1.98723 -1.75296 -2.46119 -0.480809 -3.57368 -0.373165 -1.88203 -1.3355 
0 -1.99175 -1.35212 -2.06096 -0.378221 -3.20783 -0.712823 -1.94758 -1.85499 
0 -2.12441 -1.62583 -1.48839 -0.60783 -2.75812 -0.749882 -2.38271 -1.62661 
0 -2.17108 -0.84589 -1.95797 -0.827892 -3.741 -1.2857 -1.50307 -1.24182 
0 -2.23078 -1.19065 -1.89248 -0.684962 -4.2041 -1.15531 -1.89574 -1.38995 
0 -1.52848 -1.33158 -1.20672 -1.14137 -2.68687 -1.41663 -0.920684 -1.62732 
0 -1.8727 -1.59335 -2.38678 -0.447341 -4.42193 -2.37555 -2.00377 -1.2554 
0 -1.71266 -1.53971 -1.97481 -0.903422 -2.96045 -0.835586 -1.58396 -1.17008 
0 -2.4124 -1.31769 -1.26322 -1.22855 -2.66664 -0.927362 -1.16146 -1.69537 
0 -1.89076 -2.07397 -1.74958 -1.01634 -2.63943 -0.929544 -1.20036 -1.93993 
0 -2.06028 -1.41262 -1.6537 -0.756073 -3.33712 -1.28265 -2.60567 -1.32515 
0 -1.78745 -1.00389 -1.38624 -0.969579 -2.78892 -0.657754 -1.3113 -1.10887 
0 -2.13835 -1.22348 -1.76667 -1.24837 -2.88757 -0.538465 -1.23401 -2.5994 
0 -1.50809 -1.65542 -1.04285 -1.39165 -2.64298 -0.980832 -1.26692 -1.71212 
0 -1.53879 -2.40702 -1.55309 -0.68052 -2.97198 -0.74909 -1.52542 -1.35732 
0 -1.82487 -1.67731 -1.99077 -0.565852 -3.6908 -0.841363 -1.1406 -1.84176 
0 -1.77898 -1.14568 -1.12245 -1.2028 -2.52214 -0.935251 -1.50032 -1.77018 
0 -1.73025 -1.40378 -1.77163 -1.39578 -2.39593 -1.03072 -1.05225 -2.05195 
0 -1.63757 -1.61445 -1.24046 -1.35526 -2.8824 -1.44181 -1.27745 -1.51213 
0 -1.4755 -2.1381 -1.43899 -0.841452 -2.8941 -1.16673 -1.1602 -1.04175 
0 -1.62856 -1.63441 -1.1125 -1.51817 -2.61987 -1.00679 -1.08288 -1.29878 
0 -1.82969 -1.53358 -1.6171 -1.39107 -3.00592 -1.33567 -0.75649 -2.73686 
0 -2.12958 -0.96465 -1.22331 -1.95626 -1.8206 -1.3175 -0.854874 -1.27223 
0 -2.01048 -1.16749 -0.852421 -1.9779 -1.28469 -2.24539 -0.725982 -1.78332 
0 -1.54935 -2.17849 -1.25065 -1.2213 -1.95539 -1.00183 -1.12642 -1.61814 
0 -1.98431 -1.22813 -1.10011 -1.24826 -2.21142 -1.19867 -1.40281 -1.73488 
0 -2.31703 -0.875509 -1.33927 -1.04732 -2.40939 -0.56658 -1.32914 -2.04462 
0 -1.97942 -1.17128 -1.4857 -1.57597 -2.45024 -1.3033 -1.109 -1.55756 
0 -2.63649 -1.63632 -1.01865 -1.85616 -3.2051 -0.832228 -1.04234 -1.62236 
0 -1.49669 -1.60771 -1.232 -1.84844 -2.57984 -1.11376 -1.16068 -1.35453 
0 -1.21862 -1.14392 -1.5029 -1.27761 -2.32805 -1.27431 -1.1234 -1.30272 
0 -1.93578 -0.842961 -1.78689 -0.803118 -2.38681 -1.05235 -1.28799 -1.26405 
0 -1.82365 -2.25323 -1.06432 -1.42607 -2.47372 -1.169 -0.938351 -1.94296 
0 -1.55122 -1.04349 -1.43173 -1.63571 -2.66519 -1.9102 -0.606778 -1.81424 
0 -1.93773 -1.34382 -0.945709 -1.91303 -1.92243 -1.3706 -0.802383 -1.16876 
0 -2.10477 -1.67774 -1.19379 -0.998649 -2.31593 -0.536239 -0.792458 -1.55074 
1 -1.85296 -1.73599 -1.12784 -0.990083 -2.14118 -1.18946 -1.679 -2.51611 
1 -1.21521 -1.88999 -1.93996 -0.995475 -2.5097 -1.45972 -1.27816 -2.06184 
1 -1.42725 -2.16615 -0.97766 -1.30101 -2.12466 -0.94537 -1.45579 -2.01507 
1 -0.912071 -2.25359 -1.16882 -0.971633 -2.20927 -1.0381 -1.2137 -1.79915 
1 -0.8951 -1.90478 -1.80262 -1.64587 -1.58935 -1.22864 -0.556125 -2.58925 
1 -0.942973 -1.49169 -1.34301 -1.98564 -1.76758 -1.37029 -0.724199 -1.81988 
1 -0.823871 -1.69072 -0.741594 -1.75724 -2.60401 -1.83606 -0.83775 -1.63382 
1 -1.94564 -1.61351 -0.7054 -1.5101 -2.82549 -1.84785 -0.822048 -2.20308 
1 -1.32128 -2.45129 -0.850283 -1.89129 -2.85461 -1.55302 -0.859069 -1.67012 
1 -1.25773 -1.16956 -0.741269 -2.00749 -1.78316 -2.20184 -0.557357 -2.2754 
1 -1.25504 -2.24048 -0.797372 -1.31301 -2.77505 -1.38315 -0.776976 -1.95851 
1 -1.4654 -1.34337 -1.09528 -1.51769 -2.64701 -1.27934 -0.617577 -2.19988 
1 -1.85296 -1.73599 -1.12784 -0.990083 -2.14118 -1.18946 -1.679 -2.51611 
1 -1.21521 -1.88999 -1.93996 -0.995475 -2.5097 -1.45972 -1.27816 -2.06184 
1 -1.42725 -2.16615 -0.97766 -1.30101 -2.12466 -0.94537 -1.45579 -2.01507 
1 -0.912071 -2.25359 -1.16882 -0.971633 -2.20927 -1.0381 -1.2137 -1.79915 
1 -0.8951 -1.90478 -1.80262 -1.64587 -1.58935 -1.22864 -0.556125 -2.58925 
1 -0.942973 -1.49169 -1.34301 -1.98564 -1.76758 -1.37029 -0.724199 -1.81988 
1 -0.823871 -1.69072 -0.741594 -1.75724 -2.60401 -1.83606 -0.83775 -1.63382 
1 -1.94564 -1.61351 -0.7054 -1.5101 -2.82549 -1.84785 -0.822048 -2.20308 
1 -1.32128 -2.45129 -0.850283 -1.89129 -2.85461 -1.55302 -0.859069 -1.67012 
1 -1.25773 -1.16956 -0.741269 -2.00749 -1.78316 -2.20184 -0.557357 -2.2754 
1 -1.25504 -2.24048 -0.797372 -1.31301 -2.77505 -1.38315 -0.776976 -1.95851 
1 -1.4654 -1.34337 -1.09528 -1.51769 -2.64701 -1.27934 -0.617577 -2.19988 
1 -0.705472 -1.75048 -1.11282 -1.07152 -2.25705 -0.76133 -1.5728 -1.66281 
1 -0.974351 -1.6591 -0.870976 -1.33152 -2.48619 -1.04957 -0.907037 -1.7146 
1 -1.16606 -1.68685 -1.41327 -1.84614 -2.49289 -1.29285 -0.767334 -2.03537 
1 -1.37239 -1.75972 -1.58462 -1.43164 -1.91907 -1.70695 -0.850726 -1.72042 
1 -1.30209 -1.97644 -1.14024 -0.761809 -2.46094 -1.20338 -1.36702 -1.32129 
1 -1.35546 -1.49469 -1.4903 -1.533 -2.51778 -1.0889 -0.730266 -2.13738 
1 -1.54541 -1.44015 -1.0557 -1.76034 -2.30439 -1.27618 -1.02935 -1.75035 
1 -0.975181 -1.73879 -1.1049 -1.61927 -1.99368 -1.28123 -0.983132 -1.34309 
1 -1.73266 -1.26123 -0.80881 -1.67743 -1.92507 -1.40939 -0.864005 -1.93419 
1 -0.71677 -2.15704 -0.32607 -2.087 -2.37068 -1.69545 -0.538425 -2.30691 
1 -1.29213 -1.76128 -0.678378 -2.39488 -1.5827 -2.01486 -0.359805 -2.20057 
1 -1.18671 -1.61123 -1.04154 -1.74579 -2.16563 -1.28728 -0.772052 -1.77051 
1 -0.76897 -1.33185 -1.34447 -1.75065 -2.461 -2.099 -0.823536 -2.82111 
1 -1.68926 -1.44308 -0.864821 -2.14237 -2.16872 -1.20163 -1.16265 -2.21017 
1 -1.21708 -1.00397 -1.03551 -1.63491 -1.95314 -0.75196 -1.33803 -2.48589 
1 -1.11151 -1.39442 -1.24247 -1.67157 -1.96724 -2.01531 -0.89704 -1.60656 
1 -1.2874 -1.63298 -1.36974 -1.72817 -2.16748 -1.30418 -0.788167 -1.52471 
1 -1.32489 -1.36303 -1.03806 -1.51234 -2.15763 -1.62786 -0.476493 -2.42552 
1 -1.51531 -1.35174 -1.17098 -1.6659 -1.80858 -1.89719 -0.975585 -1.84991 
1 -1.37653 -1.70457 -1.08563 -1.76699 -2.33304 -1.6865 -0.554086 -2.73211 
1 -1.432 -1.88185 -0.513683 -2.14981 -1.78133 -1.73671 -0.290252 -3.19951 
1 -1.71662 -1.57472 -1.32407 -1.24351 -1.89692 -1.24814 -0.685853 -1.65955 
1 -1.348 -1.38658 -0.524878 -2.31067 -2.87848 -1.64258 -0.530462 -2.28239 
1 -1.20259 -1.53058 -0.648344 -1.65222 -2.32893 -0.783086 -0.126792 -3.30749 
