8012
7080
2185
22
6000
5087
7023
4009
4004
4002
1028
8072
8032
8068
2011
12
6011
6009
5011
7099
4001
4003
1060
7030
2028
14
3037
2002
6002
13
8025
28
3017
7060
5119
1008
1075
4005
2123
4007
7061
2064
1076
4011
6013
3010
5082
8055
3007
7133
5091
1040
6001
5007
18
6010
2051
25
26
2200
5063
4006
5034
5117
21
6014
2186
2033
3070
5013
4000
2083
8021
1
5084
29
10
4012
5124
8005
7019
3074
2169
3056
1042
1062
8080
4010
7089
3009
5
3067
6006
6004
3006
1011
4008
3021
6005
6007
8061
7122
7144
1017
1058
2057
8071
2020
8013
7
3004
4013
1039
5118
5043
7120
1051
6008
3039
8040
6012
7097
8031
7047
1015
3051
8058
4005
5021
8030
2118
26
5061
8016
16
6001
7133
7084
6004
3046
1056
5076
2138
3064
21
6010
2067
4002
4000
3060
3057
7076
8017
15
6000
2121
7015
6014
8051
6005
25
6006
2131
6013
2157
1062
5070
1018
8078
7056
1029
3061
4003
7053
5025
1036
14
8067
5114
7047
5103
3034
4004
1075
4011
5053
1067
5011
7045
30
3012
3009
2088
3035
1000
4006
6003
3051
2080
13
2160
7082
7087
3006
7080
5043
6002
2079
4013
5008
8070
31
4007
4001
6011
1006
3032
2196
1022
8061
5088
4009
2089
28
3014
6008
4008
22
4012
18
8002
8015
1061
8023
3033
7091
2014
7120
2100
8019
6009
1
7096
4010
8026
32
1053
1059
6012
5023
1025
5082
1033
5055
7100
5089
3009
3040
5076
8050
8070
23
7002
8072
1009
4008
29
4006
1018
2109
4004
12
6003
1052
2043
2078
8043
8066
5008
32
2113
2121
11
2179
5059
7003
8041
4009
5124
3069
6005
5122
6000
8004
6013
6011
2195
2015
2127
7000
7118
6007
7147
5093
4005
4002
6010
4013
7001
8001
8033
4000
7056
1047
9
6009
1031
7068
1029
4001
1037
7108
31
5083
7149
6012
18
2065
3050
7004
14
3070
1013
4012
3033
3051
6001
5001
33
2056
19
7017
3027
1005
3000
21
8018
3023
8026
5058
2185
1071
3001
3043
8060
4003
7
2168
6014
8075
2128
4010
5040
5030
8016
4011
7052
1067
3012
6008
6004
5113
3031
1034
6006
15
4007
1025
21
2162
5040
4007
2179
5092
3003
8002
3065
8062
1000
7118
4011
5039
4010
2111
4006
5044
4005
8037
6012
6002
5081
5116
2136
4003
4
1062
3045
8018
2096
1016
6008
5090
5020
3073
8070
6010
8005
1038
3052
6006
17
5047
2192
8049
4012
8066
0
1040
27
13
3054
4000
7078
7108
1049
1052
7053
7155
7081
5091
1071
6007
16
6004
1067
6000
10
4001
8075
2071
3032
22
4004
4013
2073
8029
1037
5122
7011
3014
2128
5109
2133
2006
3061
2002
7026
6011
7115
2022
3041
7121
7
32
7152
1046
3016
1044
8036
7017
6001
4009
3070
6013
6003
7094
4002
8040
4008
5001
7019
15
30
8060
5118
6009
1
6014
8015
3059
2108
3007
1031
1066
