2130
1005
3007
6009
4004
20
1002
7087
4007
3042
2082
5059
8064
6011
7075
8063
8
5000
16
5007
7062
7133
8028
6011
3018
8072
6002
2168
2186
3007
7117
2171
1075
2176
2107
3044
1005
1020
7078
6012
3045
8034
2
20
6009
5012
7072
6003
5021
7007
4
5121
2002
1034
8023
21
1009
5018
6007
3019
1076
1018
1056
2025
8036
8077
4006
6008
8059
3055
6013
4008
4011
3015
10
5099
4003
7079
4002
2044
4001
8033
1045
5072
3043
5113
3049
5086
7034
3011
3041
5005
5117
28
4012
7010
7
4010
7094
6000
8015
4013
1013
4005
1003
2108
5124
8056
1017
6010
1026
6001
4009
6004
5030
2081
3006
32
8021
4000
19
12
7024
3038
1064
6014
7060
33
2145
4007
2129
4004
2004
6006
3039
8022
7064
8
5
7083
8032
5035
2133
8045
1027
6005
2171
4006
3041
2111
18
2034
4005
8050
1064
3026
4008
7102
4007
22
4004
4003
4010
2019
2199
8008
2133
7022
5119
1048
6002
2181
6014
0
1015
1045
3005
13
8000
6003
1029
2005
8006
7034
4002
2024
10
1070
8012
1052
1
6000
3017
12
7069
4001
7073
7008
5068
4009
2074
6012
6004
2001
5076
3020
8009
3034
26
6009
3031
1008
5085
3071
5013
7128
16
8004
14
5065
6011
6006
5021
3038
3021
2161
5038
4012
8030
6010
1059
2131
8069
4011
7053
5
7078
7039
1009
3016
7103
1047
8052
3068
8064
6008
5002
7036
23
4013
4000
8071
5100
2128
3037
8
1014
5077
8013
6007
5022
5031
4
7091
5116
8028
3067
6013
7046
1026
23
4002
6012
8031
6009
5121
5120
8033
2159
6014
8067
5051
3057
5054
7006
4003
2142
3062
7113
2153
8037
4008
2155
2056
21
1019
8065
2016
8038
8042
4001
4006
1041
5086
1050
1034
4009
3047
2097
7033
7041
3051
8074
7144
3036
5026
8018
6002
2100
1015
7012
6007
1026
0
5
12
2174
7044
26
8046
1037
7154
5100
5012
2009
5028
6011
1066
6001
8077
14
2187
7116
8
5111
1011
3013
4011
5044
4013
5109
6013
4012
8073
20
3018
5115
4004
1031
3024
2088
4000
2196
1009
2089
3020
3073
7118
3068
25
7029
1010
8052
3010
8056
7077
29
1033
3044
6008
15
3
4007
6004
1040
30
3025
6005
7099
7018
6010
4010
6003
4005
5055
6000
2153
7067
2026
8060
7077
6010
1064
4004
1057
12
13
6000
1070
8004
4009
8080
7
6008
6005
3034
6011
4008
0
4001
1014
1050
6002
5002
1041
3054
7091
6009
5072
8008
7090
1009
4002
6004
16
2181
5112
29
8009
7071
1000
5013
1
2046
8062
6012
30
1042
5075
3012
7081
4000
4012
5031
6007
5099
5102
1056
4005
8070
10
2093
2180
5040
9
8069
1072
4007
7148
2160
3041
3033
1004
3066
5030
5114
4010
7145
4006
2149
2125
1029
7086
8064
5077
2051
2122
6013
8065
3069
3004
5020
3011
3071
25
19
3025
6001
7033
7036
2076
28
7155
2097
8046
4011
8054
2011
3021
8012
5005
7088
17
6014
3061
4003
1039
7023
4013
8055
6006
3049
7100
14
1
7104
3074
6011
4008
8071
6004
2114
5063
6012
8058
4007
1051
5053
5070
11
7116
2012
7152
6000
7001
6007
2070
8079
1006
3032
7097
6009
7105
1042
7018
3070
8073
5027
28
8054
1066
3051
3048
8011
2038
2090
7098
8043
1063
8077
4004
3029
1007
4006
32
8019
2119
6002
7057
3073
33
1032
8036
1075
31
1001
0
1029
7051
5077
6005
5
4012
5083
20
2057
29
8034
7035
4013
8045
4009
6013
8066
3063
8032
3072
4011
5035
6014
21
5041
1023
3027
3061
3065
4010
2041
7063
4002
5082
2051
4005
1068
4000
5040
2031
1057
2132
7010
24
4003
6006
3023
5044
2156
2087
6001
5020
6008
2101
3058
1036
4001
6003
5067
5066
19
2133
7096
2084
1058
13
5068
5077
6011
7090
1070
2119
1022
6000
7108
5102
8082
29
4007
4000
5121
6007
5113
5012
4005
22
8022
12
7113
7141
3017
5116
2052
5105
8045
15
3061
33
3044
1029
3016
8025
16
4004
8028
4010
7069
1046
7154
7120
1038
1051
8058
21
3028
3011
5054
8074
2015
6010
4012
1027
5044
7
6003
2181
2058
1076
7083
2061
3069
2
3024
26
6004
2198
1044
8063
2188
2085
8073
2091
7047
5038
4008
5117
5063
8075
1062
23
8067
6014
6002
6008
7137
6001
2025
6
4013
3033
4003
6006
6012
5118
1049
1052
7103
3053
2182
3068
1077
8078
6009
8015
7039
6013
8021
4009
14
3057
3054
4006
7152
4011
4001
3038
4002
